189.398 9.34215 788 
188.311 9.33097 787 
188.311 9.33097 787 
186.38 9.3204 786 
186.38 9.3204 786 
184.453 9.30987 785 
183.606 11.8734 785 
181.684 11.0065 784 
181.684 11.0065 784 
180.84 10.1539 784 
179.766 10.994 783 
179.766 10.994 783 
178.692 12.6831 782 
176.781 11.8182 781 
176.781 11.8182 781 
174.873 11.8046 780 
174.873 11.8046 780 
174.033 10.9561 780 
174.033 10.9561 780 
172.13 11.7917 779 
172.13 11.7917 779 
171.289 12.6407 779 
170.45 10.9449 779 
169.39 12.626 778 
169.39 12.626 778 
166.033 11.7817 778 
166.033 11.7817 778 
164.142 12.6144 777 
164.142 12.6144 777 
163.514 10.9363 778 
163.514 10.9363 778 
162.464 11.7694 777 
162.464 11.7694 777 
159.313 10.9396 778 
158.268 11.7729 777 
158.268 11.7729 777 
156.386 12.6048 776 
154.709 12.6062 776 
154.709 12.6062 776 
153.869 13.4528 776 
153.869 13.4528 776 
152.191 13.4542 776 
152.191 13.4542 776 
149.48 13.4392 775 
147.612 14.2671 774 
147.612 14.2671 774 
147.612 14.2671 774 
145.747 15.093 773 
145.747 15.093 773 
143.886 15.9168 772 
143.886 15.9168 772 
143.886 16.7586 772 
141.377 17.603 772 
141.377 17.603 772 
141.376 18.4449 772 
140.356 20.1034 771 
140.356 20.1034 771 
138.686 20.1053 771 
138.686 20.1053 771 
137.015 20.1073 771 
137.49 22.57 769 
134.333 20.9239 770 
134.99 22.5732 769 
133.499 20.9249 770 
133.323 22.5753 769 
133.323 22.5753 769 
131.484 23.3858 768 
131.484 23.3858 768 
128.816 24.1952 767 
128.816 24.1952 767 
128.816 24.1952 767 
127.815 25.836 766 
125.322 25.8394 766 
125.322 25.8394 766 
124.327 26.6414 765 
124.327 26.6414 765 
121.835 27.4795 765 
121.835 27.4795 765 
120.015 29.1131 764 
120.015 29.1131 764 
119.185 29.1144 764 
118.044 30.7023 762 
118.044 30.7023 762 
118.044 30.7023 762 
117.887 31.4923 761 
115.254 33.1133 760 
115.254 33.1133 760 
113.753 32.329 761 
113.753 32.329 761 
112.626 34.7301 759 
112.626 34.7301 759 
111.653 35.5128 758 
111.653 35.5128 758 
109.18 36.344 758 
109.18 36.344 758 
109.18 36.344 758 
107.389 37.1249 757 
107.389 37.1249 757 
106.424 37.9022 756 
104.638 39.5027 755 
104.638 39.5027 755 
102.996 39.5055 755 
102.174 40.3308 755 
102.174 40.3308 755 
99.5764 41.1045 754 
99.5764 41.1045 754 
99.4414 42.6935 753 
99.4414 42.6935 753 
96.9849 41.876 753 
95.3445 42.7007 753 
95.3445 42.7007 753 
95.3445 42.7007 753 
93.7039 43.5253 753 
92.0657 42.7062 753 
91.9406 44.2911 752 
91.2444 43.5295 753 
91.2444 43.5295 753 
89.4813 45.9369 752 
89.4813 45.9369 752 
87.0242 45.9411 752 
87.0242 45.9411 752 
86.0876 47.5209 751 
83.6331 47.5251 751 
82.8134 48.3462 751 
82.8134 48.3462 751 
81.0672 49.1033 750 
81.0672 49.1033 750 
79.4323 49.106 750 
80.14 50.6742 749 
78.6148 49.1074 750 
77.5857 51.4272 748 
75.9535 52.2464 748 
75.9535 52.2464 748 
74.3224 52.2491 748 
74.3224 52.2491 748 
73.5053 53.0669 748 
73.5053 53.0669 748 
71.7752 54.6293 747 
71.7752 54.6293 747 
70.8628 56.1858 746 
69.2355 56.1886 746 
69.2355 56.1886 746 
68.4205 57.0041 746 
68.4205 57.0041 746 
66.7007 58.5564 745 
64.2623 58.5603 745 
64.2623 58.5603 745 
63.4481 59.3746 745 
63.3603 60.9186 744 
63.3603 60.9186 744 
60.8416 61.6514 743 
60.8416 61.6514 743 
59.9474 63.1889 742 
59.9474 63.1889 742 
59.0566 63.9135 741 
57.4392 63.916 741 
56.5527 64.6383 740 
56.5527 64.6383 740 
55.6684 65.3584 739 
55.6684 65.3584 739 
54.785 66.8813 738 
54.785 66.8813 738 
53.1005 67.5971 737 
51.5612 67.6912 738 
52.2947 68.4021 737 
50.6855 68.4046 737 
50.6855 68.4046 737 
49.0072 69.9195 736 
49.0072 69.9195 736 
47.3333 71.4299 735 
47.3333 71.4299 735 
44.9256 71.4333 735 
44.0607 72.938 734 
44.0607 72.938 734 
42.4575 72.9401 734 
42.4575 72.9401 734 
40.7975 73.6421 733 
40.7975 73.6421 733 
39.9413 74.3407 732 
38.3423 74.3428 732 
39.0863 75.834 731 
39.0863 75.834 731 
37.4372 76.528 730 
37.4372 76.528 730 
34.9962 77.2207 729 
34.9962 77.2207 729 
34.9463 78.7016 728 
34.9463 78.7016 728 
32.5151 79.3885 727 
30.8825 80.8632 726 
30.8825 80.8632 726 
30.0886 81.6551 726 
30.0886 81.6551 726 
27.6315 83.01 724 
27.6315 83.01 724 
26.8406 83.0108 724 
26.8406 83.0108 724 
25.258 83.8009 724 
23.7095 83.1284 725 
23.6428 84.4741 723 
23.6428 84.4741 723 
22.8207 85.1443 722 
22.8207 85.1443 722 
21.2131 85.8129 721 
21.2131 85.8129 721 
18.8762 85.9337 722 
18.8762 85.9337 722 
16.5092 86.7215 722 
16.5092 86.7215 722 
16.4859 87.3865 721 
16.4859 87.3865 721 
14.1023 88.8344 720 
12.5291 88.8352 720 
12.5291 88.8352 720 
10.1404 90.1526 718 
10.1404 90.1526 718 
9.35597 90.1529 718 
7.76501 91.4608 716 
7.76501 91.4608 716 
6.19182 92.1116 715 
6.19182 92.1116 715 
