242.285 -102.066 772 
242.604 -101.364 773 
242.285 -102.066 772 
242.604 -101.364 773 
242.604 -101.364 773 
241.467 -101.238 772 
241.467 -101.238 772 
241.473 -100.404 772 
239.511 -101.117 771 
239.516 -100.284 771 
239.516 -100.284 771 
239.832 -99.5806 772 
239.832 -99.5806 772 
239.014 -98.7519 772 
239.014 -98.7519 772 
239.014 -98.7519 772 
239.014 -98.7519 772 
240.158 -97.2046 773 
240.158 -97.2046 773 
239.025 -97.0839 772 
239.03 -96.2498 772 
239.344 -95.5393 773 
239.349 -94.704 773 
238.53 -93.8736 773 
238.53 -93.8736 773 
237.711 -93.043 773 
238.032 -90.6535 774 
238.032 -90.6535 774 
236.386 -89.8261 774 
236.696 -89.1042 775 
236.696 -89.1042 775 
236.696 -89.1042 775 
234.748 -87.3244 774 
234.234 -85.7653 775 
234.234 -85.7653 775 
234.549 -83.3577 776 
234.549 -83.3577 776 
234.031 -81.7881 777 
234.031 -81.7881 777 
234.34 -80.2097 778 
234.34 -80.2097 778 
233.514 -79.372 778 
232.384 -79.274 777 
232.384 -79.274 777 
231.034 -76.8577 778 
231.034 -76.8577 778 
232.166 -76.1093 779 
229.911 -75.9217 777 
230.214 -74.3347 778 
230.214 -74.3347 778 
230.214 -74.3347 778 
228.563 -71.8147 778 
228.563 -71.8147 778 
229.158 -70.3097 780 
227.203 -69.3829 779 
227.498 -68.6269 780 
227.498 -68.6269 780 
226.962 -67.0261 781 
226.131 -66.1832 781 
226.131 -66.1832 781 
224.467 -64.4971 781 
224.761 -62.8845 782 
224.761 -62.8845 782 
224.221 -60.4217 783 
224.221 -60.4217 783 
225.348 -59.6459 784 
222.836 -58.8049 784 
222.836 -58.8049 784 
224.805 -57.1717 785 
223.131 -55.4749 785 
223.131 -55.4749 785 
222.58 -53.8434 786 
222.58 -53.8434 786 
220.903 -52.1436 786 
221.187 -51.3562 787 
221.187 -51.3562 787 
220.632 -48.8592 788 
220.632 -48.8592 788 
221.475 -48.8568 788 
220.921 -45.4967 789 
219.232 -45.5012 789 
219.232 -45.5012 789 
219.514 -43.8441 790 
218.949 -42.1847 791 
218.949 -42.1847 791 
218.381 -40.5206 792 
218.381 -40.5206 792 
216.688 -38.8048 792 
216.688 -38.8048 792 
216.966 -37.1318 793 
216.966 -37.1318 793 
214.997 -36.2284 792 
214.997 -36.2284 792 
216.394 -34.5938 794 
214.423 -33.6923 793 
214.423 -33.6923 793 
213.844 -32.874 794 
213.844 -32.874 794 
212.997 -30.2881 794 
212.997 -30.2881 794 
212.997 -30.2881 794 
212.416 -28.6004 795 
212.416 -28.6004 795 
211.297 -28.5658 794 
211.297 -28.5658 794 
209.86 -26.8767 795 
209.86 -26.8767 795 
209.861 -26.0129 795 
209.861 -26.0129 795 
209.01 -25.1502 795 
209.01 -25.1502 795 
208.159 -23.4234 795 
208.159 -23.4234 795 
208.159 -23.4234 795 
208.16 -22.5594 795 
206.453 -22.5613 795 
208.423 -20.8576 796 
206.455 -20.8332 795 
206.455 -20.8332 795 
206.456 -19.9691 795 
206.456 -19.9691 795 
205.604 -19.1058 795 
203.64 -19.0833 794 
203.64 -19.0833 794 
203.898 -17.3788 795 
203.898 -17.3788 795 
203.899 -15.6503 795 
