250.298004 -59.584599 917.181030 
251.582001 -58.463402 916.478027 
249.779999 -58.179401 916.283997 
250.764999 -57.054199 915.565979 
250.764999 -57.054199 915.565979 
248.337006 -56.825199 915.299011 
248.337006 -56.825199 915.299011 
248.593002 -54.810699 913.802002 
247.044998 -55.576900 914.242004 
246.819000 -54.569000 913.388000 
246.819000 -54.569000 913.388000 
245.500000 -53.801899 912.528015 
245.500000 -53.801899 912.528015 
244.664993 -52.463902 911.176025 
244.664993 -52.463902 911.176025 
243.574997 -51.437302 910.028992 
243.574997 -51.437302 910.028992 
244.167999 -50.148399 909.043030 
242.951004 -49.074902 907.906982 
241.373993 -49.386101 907.856995 
241.473007 -47.773300 906.664001 
240.919006 -46.411201 905.668030 
240.389008 -44.996300 904.757019 
238.565002 -44.210201 904.163025 
238.565002 -44.210201 904.163025 
237.737000 -42.895401 903.448975 
237.194000 -40.977100 902.544006 
237.194000 -40.977100 902.544006 
235.591995 -39.943298 902.018005 
235.266998 -39.093601 901.638977 
234.871994 -38.289600 901.276001 
234.871994 -38.289600 901.276001 
233.270996 -37.644699 900.898987 
232.863007 -35.896702 900.091003 
232.863007 -35.896702 900.091003 
232.639999 -34.435299 899.390991 
232.639999 -34.435299 899.390991 
231.895996 -33.186501 898.695007 
231.895996 -33.186501 898.695007 
231.580002 -31.849600 897.940002 
231.580002 -31.849600 897.940002 
230.748993 -30.801100 897.223999 
229.235001 -30.841801 897.059021 
229.235001 -30.841801 897.059021 
228.070007 -29.816900 896.271973 
228.070007 -29.816900 896.271973 
228.634003 -28.062300 895.142029 
226.598999 -28.676800 895.351013 
226.535004 -26.789101 893.976013 
226.535004 -26.789101 893.976013 
226.535004 -26.789101 893.976013 
224.307007 -25.500601 892.843994 
224.307007 -25.500601 892.843994 
225.319000 -23.847099 891.601013 
223.235992 -23.535601 891.270996 
223.126999 -22.338301 890.322998 
223.126999 -22.338301 890.322998 
222.746002 -21.092400 889.333984 
221.296005 -20.357300 888.734985 
221.296005 -20.357300 888.734985 
220.164993 -19.553801 888.091003 
220.578995 -17.781500 886.721008 
220.578995 -17.781500 886.721008 
219.067993 -16.481899 885.679016 
219.067993 -16.481899 885.679016 
219.617004 -14.924200 884.541016 
217.787994 -15.053300 884.536987 
217.787994 -15.053300 884.536987 
218.643005 -13.438600 883.395996 
217.468994 -12.533700 882.653992 
217.468994 -12.533700 882.653992 
216.906006 -10.951300 881.482971 
216.906006 -10.951300 881.482971 
214.942993 -9.858780 880.567017 
215.182999 -8.258570 879.520996 
215.182999 -8.258570 879.520996 
213.949997 -6.900210 878.578003 
213.949997 -6.900210 878.578003 
215.026001 -5.445060 877.817993 
214.156998 -3.935690 876.929993 
212.218002 -3.568720 876.606995 
212.218002 -3.568720 876.606995 
212.233994 -1.902260 875.802002 
210.841003 -0.735629 875.216980 
210.841003 -0.735629 875.216980 
209.753998 0.946950 874.505981 
209.753998 0.946950 874.505981 
208.483002 2.028830 874.072998 
208.483002 2.028830 874.072998 
207.820007 4.078190 873.385986 
207.820007 4.078190 873.385986 
205.339996 4.304210 873.221008 
205.339996 4.304210 873.221008 
206.212006 6.133630 872.715027 
204.139999 6.019940 872.656982 
204.139999 6.019940 872.656982 
202.929993 7.669240 872.137024 
202.929993 7.669240 872.137024 
201.792999 9.298580 871.633972 
201.792999 9.298580 871.633972 
201.792999 9.298580 871.633972 
200.748001 10.938400 871.130005 
200.748001 10.938400 871.130005 
198.792007 10.891200 871.085022 
198.792007 10.891200 871.085022 
197.914993 12.583000 870.549988 
197.914993 12.583000 870.549988 
197.061005 14.229900 870.023987 
197.061005 14.229900 870.023987 
195.264008 14.304000 869.994995 
195.264008 14.304000 869.994995 
194.423004 15.892500 869.471985 
194.423004 15.892500 869.471985 
194.423004 15.892500 869.471985 
193.557007 17.456100 868.942993 
191.778000 17.520201 868.979004 
192.664993 19.002399 868.398010 
190.867004 19.047899 868.429016 
190.867004 19.047899 868.429016 
189.923996 20.565399 867.843994 
189.923996 20.565399 867.843994 
188.945007 22.082100 867.205017 
187.056000 22.052099 867.255981 
187.056000 22.052099 867.255981 
185.953995 23.532900 866.520996 
185.953995 23.532900 866.520996 
184.716003 25.001900 865.702026 
183.192001 26.229700 864.916992 
183.192001 26.229700 864.916992 
181.459000 27.196800 864.197021 
179.658997 28.021799 863.500977 
179.658997 28.021799 863.500977 
177.835007 28.742800 862.825989 
177.835007 28.742800 862.825989 
176.044998 29.384800 862.172974 
176.037003 30.514601 861.351013 
174.330994 30.523300 861.124023 
174.330994 30.523300 861.124023 
172.703995 30.776600 860.705994 
171.376007 31.279200 860.124023 
171.376007 31.279200 860.124023 
170.324997 32.596500 858.973999 
168.472000 32.553001 858.679993 
168.472000 32.553001 858.679993 
166.598007 32.699299 858.229980 
166.598007 32.699299 858.229980 
164.862000 33.006001 857.687012 
164.862000 33.006001 857.687012 
163.162994 33.178101 857.255981 
163.162994 33.178101 857.255981 
162.597000 34.484699 856.294006 
161.307007 33.216301 856.908997 
160.785995 34.701099 855.869995 
160.785995 34.701099 855.869995 
158.755005 34.994598 855.406006 
158.755005 34.994598 855.406006 
157.468002 35.894100 854.732971 
157.468002 35.894100 854.732971 
156.065994 35.754398 854.669006 
156.065994 35.754398 854.669006 
154.628998 36.263901 854.265991 
154.628998 36.263901 854.265991 
152.639008 36.729500 853.875000 
151.348999 37.728401 853.250977 
151.348999 37.728401 853.250977 
150.945999 39.405201 852.310974 
148.759995 39.309700 852.200989 
148.759995 39.309700 852.200989 
147.764999 40.755402 851.296997 
147.764999 40.755402 851.296997 
145.865005 40.939701 851.013000 
145.865005 40.939701 851.013000 
143.815994 41.028198 850.758972 
142.272995 42.373798 849.737000 
142.272995 42.373798 849.737000 
142.272995 42.373798 849.737000 
140.395004 43.373402 848.867004 
140.395004 43.373402 848.867004 
139.473999 44.732899 847.874023 
139.473999 44.732899 847.874023 
138.854996 46.044601 846.961975 
137.815994 46.847698 846.328979 
137.815994 46.847698 846.328979 
136.057999 47.237701 845.887024 
135.949997 48.869400 844.870972 
135.949997 48.869400 844.870972 
134.509995 49.703201 844.226013 
134.509995 49.703201 844.226013 
132.740005 49.248402 844.362000 
133.335999 51.118099 843.291992 
131.229996 50.412300 843.565979 
131.462997 52.111401 842.570007 
129.602997 51.482899 842.841003 
129.796997 53.159000 841.846985 
129.796997 53.159000 841.846985 
128.048004 54.250401 841.093994 
128.048004 54.250401 841.093994 
126.041000 55.481201 840.229980 
126.041000 55.481201 840.229980 
126.041000 55.481201 840.229980 
124.949997 57.206902 839.080994 
123.112999 57.533699 838.768982 
123.112999 57.533699 838.768982 
122.801003 59.069199 837.755005 
122.801003 59.069199 837.755005 
120.982002 60.052200 837.013000 
120.982002 60.052200 837.013000 
119.917000 61.536598 835.986023 
119.917000 61.536598 835.986023 
118.163002 62.062901 835.575989 
117.738998 63.737000 834.466003 
117.738998 63.737000 834.466003 
117.738998 63.737000 834.466003 
117.748001 65.361000 833.393005 
116.473999 66.652496 832.526978 
116.473999 66.652496 832.526978 
114.499001 66.661102 832.526978 
114.499001 66.661102 832.526978 
113.603996 68.232399 831.505005 
113.603996 68.232399 831.505005 
112.541000 69.760803 830.515015 
112.541000 69.760803 830.515015 
110.992996 71.434303 829.429993 
110.992996 71.434303 829.429993 
110.992996 71.434303 829.429993 
109.342003 72.703400 828.604980 
109.342003 72.703400 828.604980 
107.838997 73.490700 828.091980 
107.605003 74.959396 827.096008 
107.605003 74.959396 827.096008 
105.750999 75.146103 826.984009 
104.688004 76.472397 826.098022 
104.688004 76.472397 826.098022 
103.555000 77.692398 825.301025 
103.555000 77.692398 825.301025 
102.653000 78.938301 824.507019 
102.653000 78.938301 824.507019 
100.899002 79.013496 824.481995 
99.942200 80.352097 823.658997 
99.942200 80.352097 823.658997 
99.942200 80.352097 823.658997 
98.782501 81.650101 822.880981 
96.794403 81.384102 823.109009 
97.494598 82.941902 822.114990 
95.447098 82.691704 822.341003 
95.447098 82.691704 822.341003 
94.219902 84.101898 821.489014 
94.219902 84.101898 821.489014 
93.049797 85.470802 820.635986 
93.049797 85.470802 820.635986 
91.911598 86.787697 819.781982 
90.008003 86.717003 819.880981 
88.811096 87.944397 819.039978 
88.811096 87.944397 819.039978 
87.351303 89.192596 818.158997 
87.351303 89.192596 818.158997 
85.884903 89.556503 817.918030 
86.397797 90.585403 817.145020 
84.348396 89.885902 817.710999 
85.059700 92.007103 816.114014 
83.050598 92.770103 815.598022 
83.050598 92.770103 815.598022 
81.556702 93.298698 815.265015 
81.556702 93.298698 815.265015 
80.795403 94.384499 814.505981 
80.795403 94.384499 814.505981 
79.970703 95.735802 813.565002 
79.970703 95.735802 813.565002 
79.181297 97.172997 812.557983 
77.164398 97.419403 812.497986 
77.164398 97.419403 812.497986 
76.396896 98.890900 811.440979 
76.396896 98.890900 811.440979 
75.676399 100.333000 810.375977 
73.608803 100.665001 810.237976 
73.608803 100.665001 810.237976 
73.036797 102.137001 809.085999 
72.887001 103.394997 808.065979 
72.887001 103.394997 808.065979 
70.830902 104.765999 807.013000 
70.830902 104.765999 807.013000 
70.203697 105.886002 806.096008 
70.203697 105.886002 806.096008 
69.570198 107.093002 805.104980 
67.901802 107.250999 805.026001 
67.286003 108.507004 803.992004 
67.286003 108.507004 803.992004 
66.675598 109.786003 802.950012 
66.675598 109.786003 802.950012 
66.055702 111.098999 801.888977 
66.055702 111.098999 801.888977 
65.405800 112.447998 800.802979 
63.494701 112.598000 800.723022 
64.677902 113.800003 799.715027 
62.684101 113.943001 799.635986 
62.684101 113.943001 799.635986 
61.857601 115.330002 798.510986 
61.857601 115.330002 798.510986 
61.264900 116.781998 797.314026 
61.264900 116.781998 797.314026 
59.367401 117.384003 796.895020 
59.183201 118.865997 795.635010 
59.183201 118.865997 795.635010 
57.490200 119.473999 795.223999 
57.490200 119.473999 795.223999 
57.054100 120.755997 794.148987 
57.054100 120.755997 794.148987 
56.067501 122.015999 793.143982 
53.993000 121.832001 793.507996 
54.646801 123.250999 792.202026 
54.646801 123.250999 792.202026 
52.903999 124.305000 791.445007 
52.903999 124.305000 791.445007 
51.225700 125.311996 790.724976 
51.225700 125.311996 790.724976 
49.907398 126.372002 789.913025 
49.907398 126.372002 789.913025 
48.580299 127.281998 789.229980 
47.036301 128.115005 788.633972 
47.036301 128.115005 788.633972 
46.698502 129.697998 787.192993 
46.698502 129.697998 787.192993 
44.911201 131.095993 786.015015 
44.911201 131.095993 786.015015 
42.941799 131.811005 785.505005 
42.941799 131.811005 785.505005 
42.693802 132.904999 784.422974 
41.268299 132.466995 785.067017 
41.314800 133.873993 783.593018 
41.314800 133.873993 783.593018 
39.792500 135.139999 782.523987 
39.792500 135.139999 782.523987 
38.729599 136.281006 781.572021 
38.729599 136.281006 781.572021 
36.980202 136.378998 781.827026 
36.980202 136.378998 781.827026 
35.933701 137.447998 781.015015 
35.933701 137.447998 781.015015 
34.610802 138.427994 780.395020 
34.610802 138.427994 780.395020 
34.703800 140.132996 778.737000 
31.983700 140.457993 779.104004 
31.983700 140.457993 779.104004 
30.795000 141.804993 778.047974 
30.795000 141.804993 778.047974 
29.792700 143.125000 776.914978 
28.929501 144.362000 775.773010 
28.929501 144.362000 775.773010 
28.151300 145.539001 774.617004 
28.151300 145.539001 774.617004 
