-39.407101 95.935204 208.345001 
-39.063801 95.955704 207.712997 
-38.548599 95.953499 206.544998 
-38.343102 95.878601 205.552994 
-38.192699 95.948898 204.569000 
-38.157600 95.911102 203.565002 
-37.987701 95.763802 202.602005 
-37.922100 95.764397 201.608002 
-37.779400 95.559196 200.641998 
-37.743198 95.464699 199.653000 
-37.554401 95.438599 198.669998 
-37.394402 95.514297 197.686996 
-37.196400 95.572403 196.712006 
-37.093399 95.554703 195.723999 
-36.980801 95.397499 194.744003 
-36.735802 95.469398 193.783005 
-36.714001 95.466904 192.783005 
-36.525501 95.443298 191.794998 
-36.250900 95.666199 190.858994 
-36.141499 95.668198 189.865997 
-36.022499 95.917000 188.899002 
-35.981400 96.007896 187.906006 
-35.800999 96.044800 186.923004 
-35.661900 95.961601 185.940002 
-35.434502 96.065804 184.975006 
-35.163399 96.127899 184.022995 
-34.992401 96.169502 183.042007 
-34.761200 96.396103 182.093994 
-34.650902 96.622803 181.128998 
-34.504398 96.711998 180.160995 
-34.318199 96.887703 179.205002 
-34.236698 96.994202 178.192001 
-33.837601 97.084099 177.307007 
-33.655602 97.142403 176.324997 
-33.533100 97.159599 175.347000 
-33.303001 97.280098 174.384995 
-33.201900 97.579201 173.434006 
-32.854900 97.854103 172.529007 
-32.611599 97.987396 171.580994 
-32.161098 98.243103 170.712006 
-31.986601 98.443497 169.731003 
-31.525900 98.566299 168.876999 
-31.239700 98.572899 167.927002 
-31.070200 98.452698 166.949005 
-30.804399 98.696899 166.014999 
-30.605200 98.860298 165.046005 
-30.229401 99.106400 164.158997 
-30.149300 99.204597 163.167999 
-29.762899 99.525803 162.294998 
-29.361000 99.555000 161.373001 
-29.078400 99.615402 160.404007 
-28.652800 99.441399 159.528000 
-28.308300 99.401497 158.593002 
-27.970699 99.501099 157.638000 
-27.547001 99.555199 156.727997 
-27.239300 99.439697 155.789993 
-27.060600 99.365799 154.791000 
-26.744699 99.518501 153.860992 
-26.518600 99.515602 152.886002 
-26.195101 99.445297 151.942001 
-25.897100 99.328102 150.994003 
-25.515200 99.288200 150.076996 
-25.194799 99.180199 149.139999 
-24.784599 99.245499 148.229004 
-24.459900 99.101196 147.292999 
-24.196800 99.180603 146.328003 
-24.015400 99.068100 145.367996 
-23.776400 99.013397 144.399002 
-23.286600 98.953499 143.509003 
-22.923100 99.151199 142.621994 
-22.527201 99.311096 141.705002 
-22.280500 99.161797 140.751007 
-22.123199 98.985397 139.789001 
-21.849300 98.645302 138.875000 
-21.558100 98.657402 137.940002 
-21.212601 98.843102 137.018005 
-20.754900 98.718498 136.141006 
-20.389500 98.810799 135.192993 
-19.794600 98.837303 134.412994 
-19.591999 98.892601 133.416000 
-19.159201 98.693001 132.535004 
-19.134800 98.597099 131.526993 
-18.897200 98.291702 130.612000 
-18.675301 98.095703 129.649994 
-18.485100 97.999199 128.679993 
-18.104799 97.768402 127.763000 
-17.744900 97.609901 126.841003 
-17.711700 97.271103 125.910004 
-17.664301 96.898201 124.984001 
-17.539499 96.661400 124.022003 
-17.305300 96.302902 123.106003 
-17.103901 96.186501 122.144997 
-16.923901 95.983597 121.183998 
-16.776699 95.867599 120.203003 
-16.593201 95.582298 119.258003 
-16.388599 95.363800 118.309998 
-16.167299 95.148300 117.361000 
-16.086901 94.860001 116.400002 
-15.923800 94.559898 115.471001 
-15.827700 94.263100 114.526001 
-15.782200 94.046097 113.538002 
-15.558400 93.643501 112.658997 
-15.392200 93.344002 111.710999 
-15.273600 92.808296 110.875000 
-15.140500 92.464600 109.956001 
-15.092900 92.055397 109.041000 
-14.870100 91.736603 108.125000 
-14.705000 91.414101 107.181999 
-14.458600 90.985001 106.318001 
-14.501000 90.673698 105.362000 
-14.380200 90.338898 104.429001 
-14.303800 89.952301 103.515999 
-14.306700 89.579903 102.596001 
-14.302200 89.273102 101.642998 
-14.130800 88.915001 100.737000 
-13.994800 88.668503 99.793602 
-13.723800 88.280197 98.904701 
-13.669400 87.847305 98.014603 
-13.731900 87.636200 97.041199 
-13.742200 87.252304 96.122002 
-13.762800 86.911102 95.186302 
-13.780900 86.555000 94.255600 
-14.000000 86.246498 93.316002 
-13.923400 85.804794 92.427597 
-14.014100 85.467606 91.481201 
-14.240200 85.257004 90.546997 
-14.291700 85.045601 89.556396 
-14.360600 84.857498 88.587898 
-14.516700 84.591301 87.630898 
-14.533000 84.444000 86.647499 
-14.657300 84.372894 85.653801 
-14.738900 84.044601 84.711197 
-14.969000 83.945297 83.739098 
-15.326700 83.863297 82.809898 
-15.539200 83.690201 81.853401 
-15.667900 83.543594 80.876801 
-15.870100 83.417496 79.909103 
-16.104300 83.526100 78.942001 
-16.391001 83.441696 77.990898 
-16.681999 83.528595 77.036903 
-17.011000 83.600403 76.097900 
-17.285500 83.670700 75.142303 
-17.622200 83.730698 74.190201 
-18.168301 83.969002 73.393997 
-18.518801 84.046799 72.452904 
-18.903400 84.154205 71.538597 
-19.279800 84.069901 70.613899 
-19.508900 84.226105 69.653099 
-19.883499 84.400002 68.740501 
-20.141899 84.457001 67.781097 
-20.574301 84.434799 66.887497 
-21.054701 84.352005 66.014297 
-21.420700 84.488495 65.101700 
-21.812599 84.527000 64.187599 
-22.194799 84.614601 63.272598 
-22.551100 84.861404 62.366699 
-22.906200 85.139496 61.477299 
-23.153500 85.320900 60.528999 
-23.434999 85.500801 59.588402 
-23.712299 85.666397 58.654800 
-23.994301 85.886299 57.715199 
-24.371901 86.110199 56.829399 
-24.668600 86.234497 55.873901 
-24.949200 86.358597 54.920601 
-25.129299 86.394302 53.938801 
-25.324800 86.321503 52.969700 
-25.573900 86.299103 52.000500 
-25.848499 86.309502 51.040298 
-26.157301 86.104202 50.118099 
-26.436701 85.863205 49.188801 
-26.882500 85.821198 48.289001 
-27.209900 85.611694 47.362999 
-27.476999 85.316605 46.437000 
-27.759899 85.257095 45.485901 
-27.908100 85.078995 44.521198 
-27.847601 85.066101 43.522499 
-27.744101 84.935394 42.549999 
-27.469700 84.696899 41.630402 
-27.335400 84.748596 40.642799 
-27.436600 84.594604 39.657001 
-27.453199 84.552101 38.662800 
-27.356100 84.512100 37.667702 
-27.140301 84.560898 36.693401 
-27.081400 84.663803 35.699299 
-27.048800 84.770401 34.718201 
-27.328699 84.645203 33.765900 
-27.499300 84.678200 32.786400 
-27.430901 84.643097 31.788601 
-27.652901 84.600296 30.819000 
-27.770201 84.553696 29.828600 
-27.771500 84.453003 28.833700 
-27.867100 84.404800 27.842199 
-27.878599 84.265701 26.852200 
-27.884800 84.155304 25.861000 
-28.214399 84.177299 24.921600 
-28.161200 84.082703 23.925400 
-28.197399 84.003296 22.936001 
-28.290100 83.899300 21.943300 
-28.245199 83.843201 20.949600 
-28.226700 83.636795 19.973000 
-28.239401 83.598900 18.985300 
-28.230600 83.474602 17.995300 
-28.244499 83.456604 16.995899 
-28.295099 83.366898 15.998700 
-28.147200 83.461700 15.038000 
-27.944000 83.594101 14.068300 
-27.818399 83.654205 13.086500 
-27.720301 83.644699 12.095900 
-27.684200 83.586899 11.098200 
-27.620600 83.637497 10.109700 
-27.454599 83.611404 9.127190 
-27.397900 83.666504 8.146390 
-27.347500 83.623505 7.154240 
-27.284201 83.705597 6.160570 
-27.136801 83.738205 5.176400 
-27.082701 83.609497 4.190850 
-27.058399 83.549698 3.192150 
-27.094700 83.591202 2.202260 
-26.754299 83.467499 1.257880 
-26.587999 83.475403 0.277397 
-26.277901 83.403198 -0.675483 
-26.194300 83.445602 -1.663870 
-26.020901 83.489105 -2.650700 
-25.865499 83.502602 -3.635480 
-25.755800 83.730103 -4.605050 
-25.734301 83.555405 -5.574750 
-25.982901 83.545395 -6.541170 
-26.142900 83.585495 -7.528410 
-26.118200 83.531296 -8.495790 
-26.028999 83.533997 -9.471790 
-26.064501 83.660797 -10.450400 
-26.046801 83.747604 -11.449700 
-25.954599 83.737396 -12.426500 
-25.923599 83.932701 -13.405700 
-26.053499 83.909103 -14.399900 
-26.207500 83.940102 -15.376800 
-26.261801 83.821701 -16.379601 
-26.479601 84.056702 -17.302099 
-26.476101 83.950104 -18.294600 
-26.439899 83.998199 -19.283701 
-26.648800 83.869095 -20.253201 
-26.871000 84.114799 -21.185900 
-27.009899 84.181595 -22.193600 
-27.091499 84.118698 -23.177601 
-27.213699 84.339500 -24.139500 
-27.487700 84.466301 -25.084900 
-27.657000 84.451698 -26.051600 
-27.722099 84.331696 -27.047899 
-27.986401 84.268700 -28.013500 
-28.144800 84.281403 -28.997299 
-28.216600 84.324295 -29.985701 
-28.493099 84.417702 -30.935699 
-28.620300 84.423004 -31.936800 
-28.851700 84.464401 -32.895000 
-29.011600 84.418098 -33.880501 
-29.174000 84.400002 -34.868401 
-29.265499 84.365204 -35.862499 
-29.361900 84.318901 -36.857201 
-29.540701 84.359001 -37.839699 
-29.424900 84.394600 -38.836102 
-29.435200 84.452599 -39.827900 
-29.427700 84.537201 -40.819199 
-29.311001 84.455597 -41.806599 
-29.352100 84.368195 -42.796299 
-29.274200 84.374001 -43.791500 
-29.117599 84.318604 -44.769501 
-29.026100 84.318497 -45.738701 
-29.006701 84.168396 -46.731701 
-29.021500 84.108200 -47.724400 
-29.050900 84.203598 -48.709202 
-29.079100 84.297600 -49.704601 
-29.030701 84.236404 -50.697701 
-28.960300 84.041306 -51.662800 
-28.910299 84.095703 -52.660000 
-28.957100 84.069901 -53.657700 
-28.950500 84.041100 -54.645802 
-28.614300 83.999695 -55.614101 
-28.555201 83.969002 -56.588699 
-28.323700 83.883598 -57.563702 
-28.231400 83.899101 -58.555000 
-28.062201 83.915001 -59.536598 
-28.084700 83.884003 -60.527599 
-27.835199 83.745499 -61.491199 
-27.712500 83.618301 -62.468102 
-27.342501 83.520905 -63.393299 
-26.976200 83.556702 -64.324600 
-26.719101 83.615898 -65.280296 
-26.661100 83.601601 -66.279297 
-26.308399 83.683701 -67.226097 
-25.966900 83.528198 -68.146004 
-25.844000 83.447296 -69.139900 
-25.650299 83.483200 -70.099297 
-25.310699 83.398102 -71.017502 
-24.988501 83.281296 -71.963699 
-24.736900 83.223297 -72.919502 
-24.584801 83.274300 -73.906403 
-24.505501 83.316696 -74.903198 
-24.543400 83.341400 -75.908096 
-24.321301 83.276398 -76.863701 
-24.341400 83.190201 -77.866699 
-24.495899 83.394196 -78.851097 
-24.443899 83.364700 -79.822098 
-24.615999 83.088898 -80.775002 
-24.650999 83.093597 -81.758598 
-24.714701 83.073196 -82.753601 
-24.668200 83.101303 -83.761597 
-24.545900 83.304199 -84.708504 
-24.809999 83.235802 -85.691597 
-24.749001 83.196098 -86.681602 
-24.640400 83.122299 -87.668098 
-24.662901 83.042496 -88.645401 
-24.488701 82.969498 -89.624603 
-24.399700 83.022499 -90.611099 
-24.368601 82.981300 -91.603996 
-24.372101 82.954803 -92.598099 
-24.277399 82.993500 -93.588997 
-24.459200 82.987801 -94.571098 
-24.665701 83.020699 -95.550797 
-24.707800 83.126297 -96.551003 
-24.927799 83.182495 -97.514603 
-25.105301 83.348297 -98.470497 
-25.116800 83.359200 -99.469101 
-25.243000 83.336899 -100.445999 
-25.270599 83.451904 -101.417999 
-25.559200 83.490097 -102.372002 
-25.689100 83.632095 -103.339996 
-25.787300 83.922195 -104.265999 
-25.733999 83.730598 -105.247002 
-25.558201 83.655502 -106.271004 
-25.726299 83.877106 -107.194000 
-25.635401 83.836700 -108.224998 
-25.747900 84.052597 -109.182999 
-25.638800 84.089500 -110.221001 
-25.823200 83.972198 -111.177002 
-26.055700 84.065102 -112.151001 
-26.168200 84.090805 -113.153999 
-26.136000 84.268997 -114.117996 
-26.035900 84.158401 -115.109001 
-25.938700 84.336502 -116.077003 
-25.756901 84.510399 -117.049004 
-25.772200 84.610901 -118.040001 
-25.822500 84.682404 -119.013000 
-26.077600 84.984299 -119.940002 
-26.103901 85.067505 -120.943001 
-26.128599 85.231003 -121.934998 
-26.110600 85.133202 -122.931999 
-26.085800 85.354996 -123.894997 
-26.051100 85.532898 -124.875000 
-26.032900 85.476501 -125.872002 
-25.736601 85.385696 -126.793999 
