72.503899 3.896885 60.392197 
130.953506 -21.790819 -70.690567 
-137.541031 -2.487114 146.924393 
42.864944 -46.941948 1.281311 
-61.924080 -23.514179 29.954803 
13.369509 -49.162727 9.728210 
-13.352735 -21.672338 84.925034 
-170.079285 -7.028360 138.249252 
-42.078568 -33.744499 70.455811 
84.243210 -42.225708 35.634140 
96.200050 -42.292915 37.055344 
151.637436 -44.884300 30.545959 
-3.468060 -37.302963 61.203156 
79.324203 -49.821503 27.749176 
78.176933 -15.542641 53.458054 
-114.082626 -15.432762 75.231064 
88.139046 -56.442078 14.721909 
-178.982376 -3.512442 129.296280 
-85.397408 -19.587904 48.585587 
54.428596 -26.345247 48.693909 
19.586071 -23.345240 -21.216568 
107.475540 -22.337585 46.747696 
123.460327 -58.216713 20.062332 
-49.446060 -6.134855 112.263123 
25.368216 -50.168182 21.888657 
120.219818 -60.458565 6.011536 
-6.647280 -14.353626 -16.771912 
83.552834 -4.190552 54.947128 
71.933334 -39.647652 36.490677 
166.786713 -64.240692 1.623459 
-17.444206 -17.910278 -9.813873 
37.290710 -25.636702 -25.129868 
-16.410419 -37.277321 64.242371 
-18.307056 -42.668365 53.460205 
136.970093 -32.698898 -61.438889 
89.355095 -52.971542 -3.658081 
-180.353699 14.816919 109.400314 
-54.460632 -31.845688 34.691147 
105.047401 -34.304268 -43.561386 
45.699326 -41.666855 -10.174988 
104.570168 -21.732456 -58.806870 
-7.145817 -49.203148 32.729126 
118.288895 -36.648048 -45.648636 
-13.026522 -3.513519 -17.984344 
-92.511414 22.760159 34.865372 
-33.902031 -37.532799 20.853668 
-186.051880 4.360140 120.129135 
-86.889328 4.097633 131.183456 
-121.891708 1.929390 146.191147 
35.014137 -43.614342 -5.140610 
-44.110901 -30.789537 20.815781 
160.946304 -54.552147 -29.237228 
-6.291361 11.264899 99.063522 
-127.346870 -15.798285 96.305466 
46.520271 6.076054 72.946732 
134.201004 -48.717522 -27.377319 
-27.189211 15.370253 -10.551361 
-57.841415 -14.318104 107.550201 
-106.127075 -15.720792 65.471634 
34.570358 2.739205 78.914108 
-40.239212 -19.820641 96.390167 
101.527748 -57.821114 8.145096 
-117.150131 12.566351 54.770081 
-0.102004 -5.436960 -22.085159 
20.222635 6.740506 87.161285 
-76.553528 -22.349802 94.446320 
84.499123 -24.595108 -45.937057 
-137.985672 -9.729145 91.346573 
-37.306053 -22.431520 6.534775 
1.283843 -43.443901 50.295227 
-151.846939 -3.897066 96.715042 
-128.774384 -11.460308 124.112534 
-158.791412 -8.976732 136.135147 
100.979782 -30.432621 44.376373 
92.496101 6.375570 -57.966049 
-64.140549 -3.557938 119.161118 
-40.502495 -28.502438 81.765671 
-73.318375 -19.447165 36.179550 
37.496590 -3.222505 -33.939804 
-91.790527 -16.900948 106.977524 
60.360687 -15.632370 57.988998 
-31.653566 -37.875824 62.747208 
35.583656 -10.272062 74.020065 
-52.400635 -15.696956 13.964172 
-156.504776 -9.964994 121.724411 
-18.835556 -47.091537 30.377182 
-104.532440 -21.485682 81.055206 
26.098791 -34.383224 52.518448 
-66.372536 -10.869637 22.668793 
121.753830 -49.367668 32.198700 
-76.069168 -9.996707 30.595154 
115.177231 -41.402496 -34.292709 
-58.045113 -33.813896 45.491074 
22.992659 -32.980827 -15.618622 
-145.082855 -10.719154 102.774994 
147.684402 -24.531740 39.320145 
-94.799408 -22.285368 64.880539 
-158.731750 0.188478 161.425949 
94.461761 -51.297157 28.053635 
-72.223915 17.447763 19.370346 
10.386829 -41.572334 -3.695145 
-114.498978 1.033442 55.951660 
39.939041 -49.841431 12.988113 
-130.381165 4.704025 69.851700 
-14.239975 -29.542715 74.875473 
-42.190926 -12.719766 104.670837 
-68.695755 -27.545900 81.917862 
87.452850 -36.361435 -31.226395 
-23.516512 -33.379730 5.439896 
52.819244 1.413293 -39.228928 
-149.173996 2.249277 87.633362 
61.063522 7.781864 66.112885 
-45.008308 -38.233643 42.494064 
73.635704 -9.876619 -47.648361 
168.118042 -62.289024 -19.203720 
-30.321093 -8.516355 103.862457 
16.930756 -40.349625 50.922577 
-21.504736 -42.660553 17.238602 
1.937706 -16.891752 84.119064 
171.885880 -12.978601 34.058472 
50.630493 -49.651207 21.828720 
117.944313 -14.597002 46.319809 
-51.774132 -19.515676 99.096878 
64.441895 -48.516434 27.331268 
-103.415802 0.611103 136.595047 
25.198950 -16.909914 73.153473 
-137.464111 17.742014 74.047607 
-129.251038 -9.642588 81.388397 
-119.094803 -12.758490 119.909531 
-11.066506 -38.446251 2.094543 
-69.180214 6.388502 16.949127 
25.031862 -13.939003 -28.332382 
22.147020 -45.267258 -0.293121 
-158.876450 -4.430052 105.082260 
50.087608 -26.670748 -28.371582 
23.238922 -2.089583 -31.091553 
47.925232 -6.671318 69.310486 
-152.942627 6.884497 168.174789 
143.111374 -53.097649 25.940231 
60.842781 -43.829933 -9.895294 
-126.769882 -6.606054 135.909164 
123.376442 -27.696388 -61.844818 
-124.823967 17.156584 62.059479 
67.351807 -30.735678 44.150482 
37.773834 -25.750788 54.564224 
-87.085533 -25.485235 83.618958 
42.151886 -46.566902 31.487244 
13.841764 -22.194361 71.694321 
48.537613 -16.650280 61.497604 
165.026047 -64.821930 -9.086411 
168.835800 -25.834372 33.540833 
-157.032120 9.889318 90.435211 
155.037201 -64.345032 -0.625702 
186.478195 -40.390022 26.197678 
181.346802 -63.883987 2.296249 
132.750809 -47.879158 32.397171 
99.360786 -6.296570 -62.048965 
70.625389 -49.896339 -2.052933 
-62.305519 14.371050 11.331650 
-27.430904 -4.004226 -10.445496 
-28.138813 -43.279411 46.344009 
140.110748 -15.900347 41.670547 
161.429749 -17.126551 36.636093 
-73.871780 -14.854883 109.908035 
4.654202 -49.072922 35.110580 
-109.144051 8.355070 48.143723 
17.624540 -29.020632 61.960449 
-104.845886 -8.073544 127.260635 
-81.614098 -11.409881 116.427841 
72.212997 -53.072937 17.150574 
80.947418 -54.750847 6.559875 
-11.453841 -12.490749 93.818802 
181.633041 -26.601782 30.527267 
119.467636 -15.753965 -69.040970 
-92.461388 -9.691696 44.449234 
-158.869385 -4.450037 151.349594 
-8.576542 0.176985 98.529556 
-73.087273 3.925476 125.709610 
123.880356 -50.845955 -20.183685 
76.941238 -26.310114 47.584854 
72.673569 -31.683880 -31.758057 
134.061798 -61.047523 12.342087 
64.381195 -23.076021 -37.278198 
153.393250 -8.344042 39.564194 
-116.616096 -18.504719 93.814835 
88.045929 -10.427118 -55.652023 
151.662308 -59.127220 16.420395 
153.639221 -59.837646 -17.488785 
-61.322556 -0.818427 12.557129 
-66.133186 -32.489147 56.089691 
-11.023161 -26.801819 -7.162231 
-38.523880 1.183304 -4.854568 
-173.987137 1.682646 111.515244 
144.720490 -40.987358 -48.699631 
16.599379 9.365448 -28.585693 
110.953178 -43.162689 37.116409 
-11.674014 11.664489 -17.954559 
113.753250 -30.578058 -54.257858 
29.694052 -21.499514 64.683899 
124.264297 -56.504616 -11.074966 
-101.636345 -21.048849 96.334167 
163.387970 -57.425842 16.907120 
73.949814 6.856407 -48.079651 
-79.219109 -28.627472 74.689194 
145.936081 -53.468025 -24.632477 
65.513428 -0.377914 -44.989563 
-150.672409 18.309042 84.384384 
15.546274 -48.326691 36.281555 
-57.183815 -26.489214 85.640228 
29.180582 -47.307518 34.733276 
137.028748 -58.882080 -12.279770 
175.713165 -48.372337 23.174149 
-132.897476 -14.241386 114.536789 
73.607178 -44.446289 -13.060287 
-52.466103 10.094992 3.943069 
-9.519156 -46.191048 44.661285 
55.029465 -36.937340 -19.012238 
3.275465 -4.334980 92.544800 
133.197464 -24.458109 42.294388 
-170.756332 8.501551 102.799255 
40.738037 -35.356354 44.233902 
61.804214 -12.066249 -41.251083 
100.310394 -37.823723 -34.591217 
89.519112 -33.933403 42.357071 
58.644173 -51.233635 10.726151 
114.030075 -2.090418 47.826218 
106.784668 -43.754707 -25.976486 
-27.518166 -21.125530 -1.538528 
130.008179 -40.896606 -41.943146 
-42.149246 -38.500992 55.430557 
-24.102324 -26.187645 82.949173 
167.394272 -37.699425 30.586105 
5.386981 -30.124172 66.873001 
163.022278 -47.334824 26.242691 
-106.407722 -13.561177 116.607361 
-67.009186 -19.478039 100.427109 
-122.591095 -16.566149 107.797134 
154.699219 -33.749611 34.984909 
-99.132202 12.054081 39.269333 
-169.203094 -5.274462 119.206589 
-143.333374 -12.119511 121.035385 
-34.687912 -41.864761 35.506378 
-169.586655 26.528406 101.231888 
-65.806976 -31.373774 70.062210 
119.883163 -34.780800 41.012726 
-159.931717 22.870100 92.836441 
13.077118 -51.048843 25.016403 
-20.221960 4.290366 -14.955750 
-27.656704 -19.766142 92.736618 
-107.906815 23.916037 48.033188 
81.881523 -2.094728 -52.623688 
89.420700 -21.327398 49.155151 
130.644058 -61.333534 -0.864914 
94.484673 -30.696432 -44.189163 
165.489761 -2.377184 38.415726 
150.695633 -46.046951 -39.293961 
108.869408 -52.226410 -12.396988 
-88.490341 -0.127033 34.513260 
28.679884 -49.296089 9.902435 
136.590118 -36.648430 37.910080 
-79.181168 7.385006 24.397232 
-138.485794 3.927139 77.462463 
110.460785 -57.620911 -1.353165 
1.940628 -47.316666 7.683182 
134.662552 -37.762032 -51.302200 
97.159119 1.834127 51.504700 
73.146378 -38.685684 -22.044479 
-72.238174 -27.028906 45.894775 
-80.731522 -26.565207 56.164474 
-121.175896 -7.021835 69.665939 
39.298737 -16.980803 -30.966553 
-91.848228 -7.993739 123.827927 
6.863788 -15.946750 -21.122665 
-51.186295 -35.527496 61.545380 
9.794460 -29.236580 -13.958511 
-144.368835 2.754522 158.079086 
104.714951 -9.498690 49.009842 
69.607285 -9.207649 58.521378 
-178.927338 27.816870 109.625931 
93.997894 -22.473206 -53.163773 
12.016243 -1.792606 -27.137329 
-115.433395 -5.988264 133.754623 
-38.266205 13.393377 -4.704178 
105.085663 -56.135788 21.217392 
14.033428 -9.923348 84.680466 
127.638763 -6.721001 45.214539 
-0.945614 -50.350586 18.871262 
173.901108 -59.699974 12.016998 
-138.463943 -7.553160 136.666306 
56.349693 -39.784332 37.201630 
-101.322289 1.974184 43.642548 
-40.092056 -12.051184 1.324921 
-53.865372 -31.537771 74.016891 
-0.400150 -25.263887 -12.850204 
97.816635 -47.669350 -15.924881 
114.254440 0.201757 -68.723099 
4.227827 7.862965 93.817337 
5.015825 9.871673 -24.230545 
142.530930 -63.059982 1.842941 
-0.625947 -35.422012 -5.423828 
-148.460693 -5.526608 144.529800 
88.611084 -42.891708 -20.411179 
-51.129517 -7.312685 7.212921 
-101.533363 -10.461240 53.719193 
62.384369 -32.182434 -26.783081 
50.514893 -12.491268 -36.648163 
-89.605919 12.329216 31.380508 
