202.089996 -27.459070 -56.905693 
186.595764 -12.846522 -57.331036 
197.013672 -15.701518 -59.037514 
185.461334 -1.619905 -58.815674 
196.944824 -1.104497 -61.279903 
212.039948 -1.466885 -63.572243 
186.686813 7.543890 -57.259922 
197.583405 10.780510 -58.311954 
212.399002 12.075570 -60.464275 
188.021393 -39.593700 -42.335583 
198.932175 -43.645821 -45.421314 
185.332336 -29.598513 -46.842762 
196.168777 -32.216251 -52.918262 
137.635864 -10.266171 -43.060074 
152.774109 -12.084566 -45.705273 
167.420914 -15.124239 -47.824215 
180.848145 -17.198050 -51.625973 
193.513535 -22.647768 -55.460526 
107.960953 3.798850 -42.442333 
122.465973 -0.738025 -44.453156 
136.821518 -1.071744 -46.280334 
152.009613 -1.314059 -48.363163 
166.929413 -1.362227 -50.671883 
178.775665 -1.129538 -53.125454 
97.965118 10.921540 -41.850815 
107.653748 12.445070 -43.103233 
121.843750 13.911300 -44.168304 
136.720123 13.891770 -45.491585 
151.987335 13.737820 -47.604515 
166.792450 13.452870 -50.186943 
181.387451 14.018880 -50.966812 
194.843567 17.534960 -53.392834 
210.084656 19.105419 -54.987263 
125.711098 22.249720 -41.668842 
139.594345 23.254511 -42.226925 
152.101685 23.489269 -43.575294 
166.792419 24.654760 -43.979774 
181.376633 24.766230 -44.900482 
197.957367 24.299200 -47.423794 
211.607986 25.410179 -48.589893 
186.747406 -43.826561 -34.021564 
194.970795 -49.277966 -36.633743 
171.776291 -24.361879 -29.668873 
180.528732 -31.105593 -35.342762 
94.830788 -10.292299 -29.051674 
107.383118 -11.329196 -32.874832 
121.795799 -12.671553 -35.116623 
136.686493 -14.536232 -34.838093 
151.673721 -16.694136 -34.111214 
165.420563 -21.523468 -35.144993 
176.102844 -22.914820 -40.668854 
79.343353 1.080170 -30.565153 
91.881020 -1.034349 -35.175816 
106.196663 -3.018469 -38.678185 
116.559708 -5.348928 -40.595486 
44.325771 20.624470 -26.668854 
64.688927 16.309191 -28.261194 
76.691193 13.594860 -35.238995 
90.993851 13.979630 -39.660465 
103.149918 18.507139 -40.288635 
-37.140228 32.198120 -26.668854 
-12.814590 34.861900 -26.668854 
2.655095 35.261921 -26.668674 
19.670561 33.360580 -26.868414 
32.326698 30.014719 -28.301193 
46.537258 29.170031 -28.516964 
61.723011 28.704639 -29.491194 
76.598633 28.390301 -33.539783 
91.777863 28.493811 -34.970833 
106.746567 28.479450 -35.086643 
121.636879 29.061371 -35.370064 
136.165115 29.704531 -35.998894 
151.963684 30.951941 -35.087124 
166.940033 32.009708 -35.313553 
181.273788 31.974520 -35.218372 
196.483017 30.711399 -34.184944 
212.236130 32.926182 -34.447983 
227.242798 33.181240 -34.331333 
-11.578822 42.424118 -26.732334 
4.103115 40.149281 -27.371183 
17.256941 40.695969 -26.911274 
32.572609 40.364540 -27.178534 
45.755470 39.971691 -27.865833 
63.204750 37.972370 -27.311514 
76.205727 37.721279 -27.487053 
92.124458 37.820721 -27.353125 
103.664200 37.443501 -27.113274 
124.593491 37.814819 -27.575203 
135.330307 38.050751 -27.690483 
150.759766 37.231651 -27.025953 
166.414444 37.132809 -27.721474 
176.325836 36.801960 -28.868923 
186.904312 -45.091869 -20.008814 
191.168991 -52.414089 -19.551283 
171.062378 -24.975859 -21.247814 
179.671814 -29.400192 -20.083374 
81.470757 -9.317019 -15.774144 
91.306328 -11.366427 -19.918755 
106.433029 -14.294796 -19.648384 
121.874809 -16.591118 -19.581924 
136.410446 -17.693155 -19.791254 
151.347809 -19.163557 -19.968813 
163.072495 -21.653645 -18.668964 
-65.822533 4.526240 -11.668874 
-57.195213 3.610920 -12.609494 
-42.492748 2.298150 -13.472864 
-27.801001 1.851630 -13.316343 
-12.102456 0.825509 -12.797724 
1.776821 0.715352 -13.648704 
17.041109 1.399110 -13.693523 
31.262461 2.409500 -14.100324 
47.843288 1.567470 -14.991774 
62.066021 0.271693 -17.610144 
74.423462 -3.528357 -21.213123 
86.218239 -7.760972 -24.418783 
-110.696030 20.888130 -11.668874 
-101.396523 19.519220 -11.977863 
-86.546249 16.221960 -13.548684 
-72.781410 14.531800 -15.966424 
-58.057926 13.798760 -15.723594 
-43.221008 13.733390 -16.446604 
-28.282122 13.629470 -17.837234 
-13.126987 13.474050 -18.031723 
2.090527 13.614970 -18.579313 
16.968140 13.759590 -19.395603 
31.680780 13.920840 -21.023344 
46.938190 13.967070 -21.016964 
59.980381 11.579610 -23.212324 
-112.772186 25.562670 -12.168774 
-102.252892 28.200130 -14.160583 
-87.874626 28.666340 -17.009983 
-73.039696 28.652411 -19.114445 
-58.221481 28.748980 -20.955454 
-43.368702 28.548410 -22.865963 
-28.008627 28.510031 -22.488014 
-13.220543 28.224400 -23.125124 
1.555650 28.282681 -22.888254 
15.891870 27.096100 -23.985214 
29.500570 23.490351 -24.776114 
49.532131 22.291121 -25.532434 
198.069962 35.391670 -23.973293 
206.186020 35.827061 -23.502184 
-99.571060 39.592770 -13.444794 
-87.505173 43.242489 -15.477553 
-72.896034 43.689442 -17.231354 
-58.274818 43.888020 -18.923893 
-43.090881 43.477772 -22.244823 
-28.020748 43.666370 -23.676825 
-13.806903 43.714230 -24.747025 
0.153950 45.459202 -24.826124 
16.305861 45.490089 -25.418533 
31.303209 46.177139 -24.647663 
47.885189 47.249470 -23.065344 
61.465778 45.060600 -22.779774 
77.045258 45.109119 -19.839174 
91.529160 44.799099 -20.075693 
107.138290 44.439400 -19.359715 
121.491310 44.556179 -19.953083 
136.970612 44.901360 -20.249674 
151.598236 42.836300 -18.722784 
166.268784 42.016441 -19.168983 
182.677628 40.163719 -18.556074 
195.875641 39.462891 -16.980305 
212.049927 38.798500 -17.904114 
227.379776 39.378750 -19.564224 
-83.375084 52.105728 -12.053504 
-71.875717 54.932320 -13.678924 
-57.601040 55.873680 -14.130303 
-43.081947 56.702991 -15.777714 
-28.064178 57.846931 -19.121124 
-13.087818 58.561119 -20.409473 
1.851140 58.389999 -20.981323 
16.777800 58.534531 -20.441423 
31.706930 58.387409 -18.532583 
46.095558 57.663570 -16.463474 
61.439899 55.073818 -15.255224 
76.002213 54.110130 -13.479484 
90.966278 52.381809 -12.693173 
105.724037 51.932892 -12.032524 
116.709740 51.741982 -11.668874 
133.387161 51.799839 -12.305274 
-11.690909 66.786400 -16.032463 
0.567398 66.857231 -15.668943 
13.795230 66.922173 -15.335514 
27.375080 66.314049 -13.668844 
188.188934 -44.901752 -9.668834 
192.548157 -51.156780 -4.668784 
172.572021 -24.665968 -8.668854 
181.995270 -28.590328 -3.868834 
-54.300240 -9.408742 0.910156 
-41.990906 -10.392174 -1.423014 
-27.819836 -12.136944 -3.445754 
-12.834692 -12.840323 -3.637564 
1.433200 -13.813883 -4.636414 
16.711269 -13.336972 -3.283274 
31.754240 -12.319766 -3.168894 
46.191238 -11.059702 -2.162824 
60.509022 -9.829305 -0.768794 
76.858521 -9.278767 -2.591804 
91.796371 -11.630304 -4.284274 
106.853951 -14.272802 -4.405624 
120.087517 -16.219990 -5.168864 
135.435654 -17.563402 -2.356364 
151.984711 -19.194611 -5.563564 
166.598434 -21.308504 -2.602234 
-192.404587 5.351610 3.331236 
-179.928131 5.863890 3.331116 
-162.393570 5.118300 3.215776 
-146.865540 3.566690 1.672376 
-133.513763 3.799000 0.241686 
-118.289421 2.900730 -0.252614 
-102.711235 2.340180 -1.505924 
-87.572075 0.744365 -4.940464 
-72.734695 -0.829749 -5.705184 
-58.647812 -3.613509 -6.352614 
-43.660625 -4.908316 -8.065413 
-28.314213 -5.449489 -9.050084 
-15.090147 -5.342260 -9.767544 
1.627593 -6.598063 -9.196884 
16.392691 -5.954400 -8.576344 
32.301102 -5.187146 -9.285164 
45.196289 -5.168192 -8.765594 
61.730202 -7.109083 -7.577964 
72.192879 -8.181051 -8.335604 
-193.754684 13.859859 2.402416 
-177.250351 14.018330 1.985656 
-162.938828 13.714780 0.518016 
-148.273499 13.864610 -1.788094 
-132.974899 13.871890 -4.505054 
-117.813019 13.734970 -6.022164 
-103.129425 12.326790 -7.926954 
-89.821182 9.796290 -9.547904 
-74.555962 7.187240 -9.642494 
-193.252991 27.509230 1.625526 
-177.968826 28.332970 1.878966 
-163.184708 28.560720 -0.235214 
-148.110397 28.709141 -3.266584 
-132.905334 28.719971 -6.169514 
-118.497688 28.757549 -8.850823 
-109.046341 33.369221 -10.195204 
-177.549927 36.308300 3.331116 
-161.703659 38.308990 3.023196 
-147.718796 40.542278 0.105606 
-132.518356 42.062981 -2.771274 
-117.591583 42.635609 -4.615374 
-104.059120 45.276901 -7.859594 
-92.418335 50.141060 -10.123323 
142.855972 50.864929 -10.268814 
153.875626 49.553879 -8.725894 
165.973923 49.032440 -6.433554 
181.687119 47.730011 -4.601374 
196.891220 46.223259 -3.998054 
211.041275 44.460831 -3.028164 
227.398193 45.261440 -4.272474 
-110.854401 51.437969 -2.668864 
-100.420113 52.406231 -5.108904 
-88.064980 54.155949 -8.699664 
-74.615891 58.311531 -10.309053 
-60.639812 60.342690 -10.668883 
51.519291 62.526859 -10.668883 
62.079411 60.207451 -9.478464 
77.612259 58.636181 -8.865364 
91.601639 57.167839 -8.222713 
106.516640 55.731499 -7.502264 
122.223602 55.037830 -6.907894 
137.088287 55.350651 -6.434154 
151.213409 54.256611 -3.838134 
166.335556 52.924419 0.211226 
180.313797 52.160511 3.045366 
190.597290 51.530491 3.331116 
196.429489 -48.212608 11.331186 
185.783005 -27.501875 8.331166 
-200.252823 -8.783713 18.331156 
-66.233643 -8.973785 13.331106 
-57.982220 -10.130577 9.831176 
-43.231876 -12.224950 10.330966 
-28.079519 -15.370996 10.169076 
-13.017171 -17.455034 9.785646 
2.246498 -18.981964 10.154596 
16.443899 -18.202208 10.424127 
31.079800 -16.293995 10.545536 
47.048309 -13.776139 10.056067 
62.325432 -10.978922 10.531177 
76.810303 -9.125441 10.950136 
90.384331 -10.339990 11.116857 
106.813210 -13.330251 10.581126 
122.719147 -15.670017 9.220057 
140.420868 -17.014311 13.081186 
151.347809 -18.331125 9.220057 
168.765778 -19.765959 14.581136 
175.743546 -21.627747 15.331136 
-193.648926 -0.975236 7.967576 
-178.379974 0.734173 8.496986 
-163.317459 0.656091 8.418726 
-148.773392 -0.995882 9.727286 
-132.971466 -1.089975 9.388617 
-117.976326 -1.933724 9.316786 
-102.924873 -2.549134 9.055427 
-88.231506 -4.768655 10.681147 
-74.055420 -7.218249 9.788206 
-188.898453 13.862520 4.428136 
-182.540115 12.444380 4.513196 
-192.160019 34.840130 4.846506 
-180.637360 34.558720 4.331096 
-193.691162 37.508839 6.736506 
-177.841827 38.252659 5.443916 
-164.143372 40.766430 4.664646 
200.764359 50.671242 5.531176 
212.675598 48.909660 6.581116 
225.513397 48.604881 7.070416 
173.783875 53.608372 4.331156 
183.372467 52.785938 4.531076 
195.070862 51.876301 5.331206 
189.086411 -27.091175 19.331146 
-199.693329 -9.306417 25.997807 
-66.381927 -8.745171 28.331146 
-57.625751 -10.466233 26.206186 
-43.651028 -12.576804 26.181206 
-28.898546 -15.243642 26.067966 
-13.860987 -17.673754 25.331245 
1.890971 -19.241615 26.213516 
16.125891 -18.797487 25.997927 
31.818520 -17.122307 25.635466 
46.566891 -14.807299 25.876566 
61.144569 -11.930637 25.331127 
73.100906 -9.784468 25.484846 
92.669899 -9.790920 23.474026 
107.788773 -12.266964 26.081137 
118.578812 -13.829269 26.331116 
146.709320 -16.161777 32.831177 
168.070465 -19.250259 20.331137 
175.523193 -21.277756 19.331146 
-192.466156 -6.988660 25.588266 
-178.192383 -4.680559 24.926416 
-162.748611 -3.559113 25.459517 
-149.146606 -3.356397 26.986286 
-133.294952 -3.317446 28.464426 
-118.139702 -3.090307 26.677176 
-102.609840 -3.333427 25.738525 
-88.070656 -5.118437 26.045366 
-73.554573 -7.425524 25.646976 
81.506271 -8.522838 27.331165 
87.925079 -8.421466 28.331146 
192.927505 -25.877224 34.331135 
-199.791245 -9.348817 39.581165 
-57.838707 -9.985745 42.116867 
-42.971172 -12.413405 40.581036 
-27.885118 -14.906123 41.116947 
-13.678977 -17.271265 40.331116 
2.520143 -18.878347 42.095886 
16.598400 -18.781872 40.330997 
31.722071 -17.289736 40.731117 
47.048370 -14.907442 41.464375 
61.263039 -12.206495 41.225777 
74.139130 -9.966314 40.422066 
96.030861 -8.978061 40.831135 
103.829651 -10.149926 42.616837 
119.943626 -12.741394 41.931145 
132.628845 -13.891965 46.664406 
152.116241 -15.907049 42.131176 
-192.337311 -7.103831 40.902546 
-178.582214 -5.297549 40.597965 
-162.821396 -3.902838 42.231136 
-147.397171 -3.464349 40.881145 
-133.365829 -3.193244 43.331078 
-118.549149 -2.951674 41.981087 
-103.584518 -3.079660 41.231148 
-88.077888 -4.851244 41.664467 
-73.662102 -6.971866 41.331158 
-65.030891 -8.628965 39.331127 
80.726608 -8.317113 39.164474 
88.195473 -8.174487 37.706184 
-200.092209 -9.052932 55.331097 
-55.524208 -9.943664 56.581127 
-43.421162 -11.889882 56.225887 
-28.578276 -14.127165 56.464428 
-12.921402 -16.773260 56.393677 
1.846431 -18.400715 58.831085 
16.513210 -18.538670 55.100365 
32.405048 -17.296991 55.752148 
47.126980 -14.980124 56.706116 
62.182892 -12.328655 56.646996 
75.479568 -9.972863 57.442295 
108.134758 -9.779498 57.231174 
120.419434 -11.733964 57.643696 
133.400604 -13.361506 56.456196 
151.411896 -15.111096 55.240208 
169.746964 -16.561680 59.331108 
177.853668 -17.295517 57.931175 
-192.715866 -7.141702 51.946445 
-177.883774 -5.326465 51.422047 
-168.679932 -4.216991 53.331127 
-147.812195 -3.506638 50.485004 
-134.949509 -3.275819 52.706165 
-117.509987 -2.803356 51.886665 
-102.021568 -3.098726 51.997826 
-86.311714 -4.833244 53.456177 
-72.651314 -6.856665 54.259705 
-63.394753 -8.415960 57.731136 
82.360161 -8.021243 53.531155 
91.568962 -7.565715 56.372807 
102.750793 -8.420147 61.831108 
-43.823349 -11.740357 64.331169 
-29.656672 -13.733260 65.931183 
-12.221315 -16.590364 68.231155 
3.546624 -18.353731 70.331146 
17.068970 -18.415705 69.272446 
31.297850 -17.528601 68.031174 
45.697060 -15.391089 67.931168 
61.079498 -12.918599 67.031075 
76.766830 -9.975754 66.831154 
85.349800 -9.002417 66.331139 
109.724159 -9.560175 65.831177 
122.782417 -11.552617 67.706154 
138.694397 -13.351068 69.513077 
152.395874 -14.561176 68.545387 
166.255066 -15.554339 71.464523 
181.839615 -17.009832 73.331108 
100.741280 -8.176759 64.331169 
