354.21476 43.599296 778.2501
343.71591 58.389146 778.47064
350.24098 52.539058 776.18694
342.68194 67.835838 778.38767
349.41357 67.375988 774.88893
343.26676 78.878053 778.33331
350.17285 81.760958 775.72638
353.93703 92.107952 778.06896
329.58168 43.80282 793.50001
339.22407 42.248558 791.07499
352.00688 37.989412 787.60093
361.44122 32.54661 791.7369
326.71216 54.307576 790.4737
337.56807 52.322343 784.74122
346.14384 49.126804 781.1594
323.56244 67.490548 790.26157
335.30888 67.348607 783.04708
323.8298 81.608661 790.46547
337.01456 82.947776 784.65652
347.87703 88.211946 781.11446
327.45084 92.136145 792.55265
339.10313 95.785126 789.49207
350.87278 98.222859 784.2468
344.13117 105.11445 794.00003
353.81973 108.1118 790.98374
361.32193 111.55079 791.83334
341.10326 29.10305 807.48385
352.75647 27.016943 802.2154
363.64272 25.991663 802.31887
314.68764 44.436868 807.66672
324.33823 40.737543 804.6248
337.0358 35.360996 800.044
350.84957 31.58994 796.26679
360.6647 30.394858 795.00002
311.01081 54.601442 804.5029
320.78981 51.295001 799.61377
297.75789 71.25517 808.76321
307.66049 67.313179 802.81144
316.37818 68.048693 796.22823
282.26367 85.867718 808.33787
292.68157 83.012722 806.63139
307.51899 82.1293 801.9371
317.70331 85.431188 797.15282
281.12924 97.094335 806.85323
292.61273 97.609743 804.389
307.70785 97.247355 802.09666
321.63292 97.614445 798.48194
335.15143 101.86567 797.73253
282.35471 106.25813 808.40898
293.25131 109.49475 807.35695
308.0669 110.78981 805.20463
322.32973 111.05424 804.22574
337.92716 111.88342 804.69537
351.37936 114.65468 801.64891
362.4312 117.43817 798.67649
339.5623 120.38573 809.00002
357.91335 120.64686 808.11119
364.88026 121.69072 805.90326
338.82439 27.670272 817.40004
349.76694 24.935512 815.79077
367.95738 22.042427 812.77794
376.06311 19.72693 822.00003
310.42105 42.422246 818.93671
321.74525 35.565082 815.92649
332.23942 30.988909 813.26926
283.68929 59.12054 823.33332
294.60007 55.068418 820.24759
305.51907 51.002134 814.93777
281.00023 69.115728 818.82614
291.83668 66.497989 812.75064
300.524 60.675949 810.00006
233.30376 88.44807 822.60883
248.44201 86.629674 819.96363
263.08882 83.590001 817.84469
276.51605 81.516191 814.04293
289.18144 76.066472 810.20838
203.62885 102.51309 823.22657
218.13387 97.976215 821.21575
232.48942 97.642496 819.38857
247.67752 97.400181 817.30574
262.59732 97.352013 814.99702
274.44357 97.584702 812.54345
193.63302 109.63578 823.81809
203.32165 111.15931 822.56567
217.51165 112.62554 821.5006
232.38802 112.60601 820.17732
247.65523 112.45206 818.06439
262.46035 112.16711 815.48196
277.05535 112.73312 814.70209
290.51146 116.2492 812.27607
305.75255 117.81966 810.68164
322.45374 118.8057 810.63908
332.96296 119.35204 810.40007
349.73577 119.64775 810
221.379 120.96396 824.00006
235.26224 121.96875 823.44198
247.76958 122.20351 822.09361
262.46032 123.369 821.68913
277.04453 123.48047 820.76842
293.62527 123.01344 818.24511
307.27589 124.12442 817.07901
322.59893 124.30532 817.24381
337.52224 124.5131 816.15883
352.50798 124.92081 815.84454
366.66128 126.76927 817.05904
376.9781 129.83483 824.00006
329.02753 29.891588 829.33336
336.91278 27.673597 831.25645
350.62054 24.091098 830.31583
295.81138 44.107959 835.88886
306.71713 40.135298 830.85728
320.67561 33.626344 830.77598
282.4153 54.887678 831.64734
290.63869 49.436275 829.03516
300.40067 45.117404 825.50001
267.44419 74.352361 836.00003
276.19663 67.608647 830.32614
190.49869 88.421941 836.61723
203.05102 87.385044 832.79407
217.4637 86.042687 830.55228
232.3544 84.178008 830.83081
247.34162 82.020104 831.55769
261.08846 77.190772 830.52391
271.77075 75.79942 825.00005
175.01125 99.79441 835.10375
187.54892 97.679891 830.49309
201.86456 95.695771 826.99072
212.22761 93.365312 825.07342
139.99367 119.33871 839.00005
160.35683 115.02343 837.40771
172.35909 112.3091 830.42991
186.66175 112.69387 826.00844
198.81782 117.22138 825.38027
58.527671 130.91236 839.00005
82.85331 133.57614 839.00005
98.322995 133.97616 839.00023
115.33846 132.07482 838.80049
127.9946 128.72896 837.36771
142.20516 127.88427 837.15194
157.39091 127.41888 836.17771
172.26653 127.10454 832.12912
187.44576 127.20805 830.69807
202.41447 127.19369 830.58226
217.30478 127.77561 830.29884
231.83301 128.41877 829.67001
247.63158 129.66618 830.58178
262.60793 130.72395 830.35535
276.94169 130.68876 830.45053
292.15091 129.42564 831.48396
307.90403 131.64042 831.22092
322.9107 131.89548 831.33757
337.51246 131.689 829.16921
352.20748 132.39937 829.49066
367.23447 132.49931 830.93125
379.86532 133.30941 834.00005
84.089078 141.13836 838.93657
99.771015 138.86352 838.29772
112.92484 139.41021 838.75763
128.24051 139.07878 838.49037
141.42337 138.68593 837.80307
158.87265 136.68661 838.35739
171.87363 136.43552 838.18185
187.79236 136.53496 838.31578
199.3321 136.15774 838.55563
220.26139 136.52906 838.0937
230.9982 136.76499 837.97842
246.42767 135.94589 838.64295
262.08234 135.84705 837.94743
271.99373 135.5162 836.79998
337.55231 135.86806 836.99995
352.23013 135.54859 837.00001
364.56752 135.79153 838.50002
337.65349 27.863253 844.93339
349.57784 24.725812 848.61541
361.39044 22.521509 842.33332
294.80588 42.762548 845.87175
307.04018 38.480025 845.70014
321.75022 33.404384 846.40622
282.57221 53.622369 845.66009
286.83689 46.30015 846.11762
266.73028 73.738381 844.42109
275.33972 69.314048 845.58553
177.13866 89.397222 849.89476
186.97423 87.347813 845.75015
202.10093 84.419444 846.02052
217.54271 82.123123 846.08698
232.07834 81.021085 845.87765
247.01571 79.550683 845.70009
258.7404 77.060595 846.99994
29.845364 103.24048 854.00003
38.472686 102.32516 853.05941
53.175151 101.01239 852.19604
67.866899 100.56587 852.35256
83.565444 99.539749 852.87118
97.444721 99.429592 852.0202
112.70901 100.11335 851.97538
126.93036 101.12374 851.56858
143.51119 100.28171 850.67713
157.73392 98.985933 848.05876
170.09136 95.185883 844.45578
181.88614 90.953268 841.25012
-15.028128 119.60237 854.00003
-5.7286201 118.23346 853.69104
9.1216518 114.9362 852.12022
22.88649 113.24604 849.70248
37.609972 112.513 849.94531
52.446891 112.44763 849.2223
67.385778 112.34371 847.83167
82.540914 112.18829 847.63718
97.758427 112.32921 847.08959
112.63604 112.47383 846.2733
127.34868 112.63508 844.64556
142.60609 112.68131 844.65194
155.64828 110.29385 842.45658
-17.10429 124.27691 853.50013
-6.584988 126.91437 851.50832
7.7932733 127.38058 848.65892
22.628203 127.36665 846.55446
37.446417 127.46322 844.71345
52.299198 127.26265 842.80294
67.659274 127.22427 843.18089
82.447357 126.93864 842.54378
97.22355 126.99692 842.78065
111.55977 125.81034 841.68369
125.16847 122.20459 840.89279
145.20003 121.00536 840.13647
293.73786 134.10591 841.69561
301.85392 134.5413 842.16672
-3.9031634 138.30701 852.22411
8.1627248 141.95673 850.19135
22.771865 142.40368 848.43755
37.393082 142.60226 846.74501
52.577019 142.19201 843.42408
67.647152 142.38061 841.99208
81.860997 142.42847 840.92188
95.82185 144.17344 840.84278
111.97376 144.20433 840.25037
126.97111 144.89138 841.02124
143.55309 145.96371 842.60356
157.13368 143.77484 842.88913
172.71316 143.82336 845.82973
187.19706 143.51334 845.59321
202.80619 143.15364 846.30919
217.15921 143.27042 845.71582
232.63851 143.6156 845.41923
247.26613 141.55054 846.94612
261.93669 140.73068 846.49992
278.34553 138.87796 847.11283
291.54354 138.17713 848.6886
307.71783 137.51274 847.76479
323.04767 138.09299 846.10468
337.27542 138.98638 846.63856
351.92451 139.30276 845.90173
366.84448 138.59899 846.55774
382.64877 137.46722 846.84622
390.24553 140.00748 853.00004
12.292815 150.81997 853.6154
23.792185 153.64656 851.98998
38.06686 154.58792 851.5386
52.585952 155.41723 849.89119
67.603722 156.56117 846.54778
82.580082 157.27536 845.25943
97.51904 157.10424 844.68758
112.4457 157.24877 845.22748
127.37483 157.10165 847.13632
141.76346 156.37781 849.20543
157.1078 153.78806 850.41368
171.67011 152.82437 852.18942
186.63418 151.09605 852.97573
201.39194 150.64713 853.63638
212.37764 150.45622 854.00003
229.05506 150.51408 853.36363
83.976991 165.50064 849.63644
96.235298 165.57147 849.99996
109.46313 165.63641 850.33339
123.04298 165.02829 852.00006
340.90379 27.744712 856.49997
350.08204 25.756532 863.00009
295.67328 42.862434 860.75008
307.95032 38.564872 859.50005
322.06166 34.379162 861.23085
283.85684 53.812489 856.00007
288.21605 47.557458 861.00012
268.23992 74.048273 857.00005
277.66317 70.123911 861.80007
-129.02868 88.442408 868.82353
41.367661 89.305498 866.57906
53.676996 88.322066 864.24589
67.848064 86.577296 862.22315
82.833208 85.873917 862.03134
97.1011 84.900357 861.03249
112.37917 85.377268 862.38563
127.42214 86.394474 862.50001
141.85914 87.654538 863.50608
156.17692 88.884935 864.90011
172.52642 89.435473 863.0771
187.46427 87.083936 861.38463
202.52185 84.441438 861.26328
215.75542 82.494251 860.50004
231.10355 81.150837 863.31254
247.65261 79.519629 860.10534
262.26634 77.405736 863.06667
-135.15396 91.258705 869.00002
-126.24827 96.749589 867.60461
-113.92853 100.03199 867.99979
-96.736684 104.06585 869.00014
-84.260233 104.57813 869.00002
-66.725664 103.83254 868.88468
-51.197641 102.28093 867.34128
-37.845865 102.51324 865.91059
-22.621524 101.61497 865.41629
-7.0433351 101.05442 864.16298
8.095827 99.458605 860.72844
22.933204 97.884491 859.96372
37.020087 95.100731 859.31629
52.007273 93.805924 857.60349
67.353688 93.264751 856.61882
80.577753 93.37198 855.90136
97.295493 92.116177 856.47202
112.06059 92.75984 857.09256
127.969 93.527094 856.38374
140.86419 93.546048 856.90331
157.3981 91.605157 858.09094
167.86078 90.533189 857.3333
-136.96605 117.5819 867.78963
-126.97583 113.67178 867.82509
-112.63189 112.49667 867.0941
-98.086782 112.5741 868.07132
-81.582457 112.73257 867.65456
-67.270935 112.42902 866.18692
-52.605592 112.57885 863.88081
-37.307005 112.58613 861.16385
-22.145119 112.44921 859.64674
-7.4615246 111.04103 857.74195
5.8467188 108.51053 856.121
21.111941 105.90148 856.02641
-151.86802 133.67748 868.21425
-141.33801 129.41904 868.10678
-127.4309 127.2956 864.98463
-112.44757 127.23249 865.5135
-97.585097 126.22347 867.29443
-82.300931 127.04721 867.54787
-67.516804 127.27496 865.43369
-52.442499 127.42338 862.40232
-37.237432 127.43421 859.49939
-22.82979 127.47179 856.81808
-13.378439 132.08346 855.4737
-152.95571 138.24771 867.78128
-142.54755 138.28254 866.56249
-128.07697 138.45548 866.07891
-116.05831 137.32283 867.64282
-81.882022 135.02254 869.00002
-66.035762 137.02323 868.6921
-52.0509 139.25652 865.77451
-36.85046 140.77722 862.89763
-21.92368 141.34985 861.05353
-8.3912164 143.99114 857.80931
3.2495679 148.8553 855.54558
238.52387 149.57917 855.40009
249.54352 148.26812 856.94301
261.64183 147.74668 859.23535
277.35502 146.44425 861.06753
292.55912 144.9375 861.67085
306.70917 143.17507 862.64074
323.06609 143.97568 861.39643
337.2272 144.02628 862.17082
353.32027 144.70401 861.12827
367.49172 144.53651 861.29171
385.12439 141.72132 862.39278
-15.186504 150.15221 863.00004
-4.7522089 151.12047 860.56
7.602924 152.87019 856.96924
21.05201 157.02577 855.35985
35.028089 159.05693 855.00002
147.18719 161.2411 855.00002
157.74731 158.92169 856.19044
173.28016 157.35042 856.80354
187.26954 155.88208 857.44619
202.18454 154.44574 858.16664
217.8915 153.75207 858.76101
232.75618 154.06489 859.23475
246.88131 152.97085 861.83077
262.00345 151.63866 865.88013
275.98169 150.87475 868.71427
286.26519 150.24473 869.00002
296.72053 44.041257 876.00005
304.58254 41.320946 875.20009
331.1424 33.529926 877.00003
292.09739 50.501633 877.00009
-140.52953 70.668824 880.69314
-129.29466 71.082078 878.27712
281.4509 71.212366 874.00007
-150.64768 83.155848 884
-142.39268 82.494423 876.62977
-127.06326 81.493683 873.3303
-114.74633 84.688082 876.92463
-104.58492 89.930527 884.00006
29.434258 89.740455 879.00001
37.685681 88.583663 875.50008
52.436024 86.48929 875.99987
67.588381 83.343245 875.83798
82.650729 81.259206 875.45455
97.914398 79.732276 875.8235
112.1118 80.512032 876.09303
126.7477 82.420245 876.21444
142.71621 84.938101 875.72497
157.99333 87.735318 876.20008
172.4782 89.588799 876.61904
186.05223 88.37425 876.78576
202.48111 85.383989 876.25003
218.38705 83.044223 874.88896
236.08877 81.69993 878.75009
247.01571 80.383115 874.88896
264.43368 78.948282 880.25004
271.41145 77.086493 881.00004
-141.44871 97.367831 876.98293
-133.31513 100.15197 871.21069
-110.96098 93.999691 872.33919
-97.981021 97.739004 873.63648
-82.712069 99.448413 874.16589
-67.649558 99.370331 874.08763
-53.105492 97.718358 875.39619
-37.303559 97.624265 875.05752
-22.308428 96.780516 874.98569
-7.2569768 96.165106 874.72433
7.43639 93.945585 876.35005
21.612477 91.495991 875.45711
-257.07915 109.36735 883.99988
-251.16402 117.2092 883.89999
-236.19282 119.93262 884.00006
-155.01283 115.9439 881.68025
-143.08457 112.34261 876.56564
-130.76994 108.41455 870.81635
-106.1032 105.96845 870.00006
-93.23056 112.57676 870.09704
-86.872213 111.15862 870.1821
-257.21779 121.90636 882.72226
-247.70366 122.72894 882.49326
-235.14555 122.73945 882.13199
-217.24026 123.7568 883.66669
-168.91159 128.45483 878.51065
-157.55598 127.14052 874.98105
-145.46885 124.42601 870.78667
-96.492112 133.55437 870.51541
-84.969454 133.27296 870
-170.40004 136.04334 872.50012
-156.87537 136.52985 870.93341
-109.54423 137.35083 870.76926
-98.023266 136.22308 872.40541
-82.173929 136.9669 871.11282
-68.475477 139.48067 870.33355
296.43226 149.38548 871.20008
308.3435 147.6239 872.25002
321.1813 147.31912 872.73932
337.71291 147.9446 872.88886
351.56626 147.53459 873.07149
365.5251 148.85409 872.00004
269.45177 152.32261 870.00006
279.04037 151.50018 870.19998
290.73876 150.59054 871.00011
-166.53672 56.198258 897.53854
-158.98462 57.467848 897.09193
-145.77226 59.166331 896.29173
-155.41019 66.37536 893.87959
-143.85919 64.348713 888.75592
-128.11606 67.671217 890.82235
-119.48773 74.504405 890.50007
284.75431 71.623065 885.00005
-167.26865 87.021038 897.00019
-157.22024 83.901197 891.79486
-149.26802 75.498685 885.00005
-112.15024 82.157597 891.06661
-104.02543 89.407824 891.66671
29.285971 89.969069 894.00005
38.04215 88.248007 891.87509
52.016873 86.137436 891.85011
66.769354 83.470598 891.73687
81.806913 81.040487 891.00015
97.558871 79.472624 891.88242
111.79379 79.916753 891.66683
127.48642 81.591934 891.30437
142.23479 83.906941 891.54547
156.81247 86.783603 891.00003
168.76881 88.929772 891.15375
188.3378 88.92332 889.14293
203.45667 86.447276 891.75004
214.24671 84.884971 892.00002
242.37722 82.552463 898.50008
263.73836 79.463981 886.00004
271.19109 77.436484 885.00005
-260.70958 102.84638 891.82264
-246.60145 101.10621 890.61403
-233.9323 100.98791 893.82005
-218.17829 101.84266 897.69757
-208.77284 104.52919 897.16673
-183.62723 103.3555 898.95248
-171.71681 98.422475 896.79527
-157.17569 97.556964 889.17887
-148.88556 99.530943 885.72001
-96.798249 91.72558 891.25717
-82.524486 94.033681 890.59532
-67.080714 95.155127 891.12842
-53.478714 95.357843 892.65519
-37.627056 95.396794 894.13333
-22.471802 95.623933 892.34608
-6.9419425 95.380813 891.40743
7.5972416 93.595803 891.71427
22.113327 91.288716 891.31588
177.17417 90.191402 893.00007
183.59298 90.292774 894.00005
-271.05001 105.66932 898.50008
-260.68124 111.05684 888.71187
-247.39496 112.54023 887.76654
-232.66569 112.2162 888.86416
-217.99871 111.95126 891.07388
-203.30589 110.98236 893.6395
-187.0614 112.20814 892.81094
-172.52368 112.54376 890.79362
-159.03744 110.0268 887.08264
-149.26802 106.50363 885.00005
-258.81577 120.34443 885.25003
-244.27859 120.34444 885.25009
-232.73748 120.38966 885.58346
-218.61951 121.72873 885.33336
-184.26278 120.56373 887.00008
-171.82262 121.6842 886.12747
-164.33582 121.33995 885.80006
-182.83898 50.480366 911.18169
-174.01792 52.893903 906.61514
-158.051 54.540697 905.77555
-143.94182 58.262035 906.15398
-169.38643 63.629858 906.90005
-162.17485 69.134258 904.26821
-136.78351 60.608819 905.00003
-127.26279 68.348318 906.62491
-119.28573 74.807674 900.00004
288.59541 72.837017 900.00004
-229.40342 89.345239 911.49998
-217.33816 89.126155 910.39282
-201.76978 88.761471 909.89465
-186.49977 88.366434 907.73761
-173.28189 85.33825 904.98024
-162.19653 79.350069 905.43348
-111.84663 82.5385 907.1843
-104.12334 89.365423 905.25007
37.829194 88.728495 907.78577
52.696727 86.300835 906.24994
67.782782 83.808117 906.78585
81.988923 81.442975 906.00002
98.188043 79.835892 907.76479
112.2663 79.932369 905.9999
127.38997 81.424505 906.40002
142.71627 83.806798 907.13328
156.93094 86.507745 906.89468
169.80703 88.747926 906.09097
191.69876 89.736179 906.50004
199.49755 88.564314 908.28574
215.61153 85.972846 907.60005
228.29674 84.822275 912.33331
247.78414 82.807191 907.80008
-270.82375 103.68773 902.66675
-261.39736 100.21928 903.95653
-246.98603 94.913401 905.48575
-231.26467 94.460197 902.40777
-216.91906 94.572835 901.97515
-202.51976 97.3171 904.03551
-187.83775 96.919574 902.38982
-177.01991 92.76136 900.58059
-96.669413 91.610409 906.57145
-82.914315 93.416691 906.26687
-67.153491 94.811402 907.90004
-51.729273 95.249891 906.55005
-37.697922 95.520996 908.99998
-22.881245 95.762566 907.64999
-7.9166209 95.63458 906.90005
7.5900131 93.862996 907.33337
22.005798 91.742374 907.00006
30.637005 90.085275 905.00003
176.39451 90.397127 904.83338
183.86337 90.539753 903.37509
-198.97562 106.16577 901.05009
-192.19202 105.3528 900.00004
-186.06101 44.521432 925.87507
-186.18816 51.529177 920.322
-173.08019 48.107386 921.62073
-158.14707 54.038316 920.28582
-144.19679 57.829589 920.69995
-182.53374 61.789874 923.63644
-173.28081 67.419268 920.42869
-164.88318 74.293755 918.00004
-136.54256 61.228275 921.75007
-128.01179 68.731256 921.2274
-231.34889 88.722385 918.0001
-216.07646 88.005297 917.76204
-203.51316 87.624304 918.04373
-186.83894 85.577048 919.4001
-172.3426 80.498315 921.73183
-164.70359 77.224635 917.00006
-120.96509 75.103059 928.00003
-112.89073 82.261562 921.37039
-104.42431 89.661308 921
40.143691 88.770576 922.25003
52.246738 86.824358 921.89479
67.089625 84.587075 922.13333
82.746498 81.940979 922.06258
97.514331 80.313526 924.49999
112.18111 80.175571 920.76927
128.07295 81.417248 921.42105
142.79488 83.734117 922.37502
157.85079 86.385585 922.3159
171.14747 88.741377 923.1112
203.80266 88.934742 922.90008
216.08733 86.980276 923.3126
229.0685 85.352734 922.1251
247.0798 83.603144 920.90911
265.41486 82.15256 925.00001
273.52157 81.418723 923.60008
-243.64395 91.018602 916.39996
-238.55299 90.111762 915.33333
-97.04797 91.572538 917.61535
-82.215875 93.387775 917.09095
-73.012039 94.497249 919.00003
-52.144293 95.207602 916.15391
-39.28161 95.438421 918.37507
-21.842085 95.910884 917.55557
-6.3536707 95.615514 917.66673
9.3561821 93.880996 919.12508
23.016583 91.857575 919.92861
32.273147 90.29828 923.40004
178.02806 90.692997 919.20006
187.23686 91.148525 922.04171
198.41869 90.294093 927.50001
-187.84852 43.830507 936.04994
-196.07435 48.407499 942.3334
-191.46197 52.749451 935.66674
-172.69704 48.428968 937.0476
-157.78331 54.671634 936.158
-144.36699 57.995651 936.63639
-185.407 64.750649 937.80971
-174.80798 71.281992 933.41678
-137.49571 61.878745 938.00002
-128.17207 69.90061 936.47373
-170.64472 77.564351 931.42861
-120.59549 75.5077 933.00003
-116.83475 78.953557 931.50002
51.844552 86.973883 930.00007
66.011228 84.98098 931.60009
83.446585 82.123876 933.90006
99.214524 80.360509 936.00005
112.73687 80.298536 934.94135
126.96575 81.185639 933.70008
141.36496 83.323151 933.60007
156.7474 85.795641 932.69998
172.43473 88.738486 932.50006
181.0177 89.711823 932.00004
205.39206 89.154065 931.50008
218.45032 87.161623 933.37506
234.3623 85.363172 935.18198
248.06377 84.153064 934.21429
261.92296 83.159901 937.13343
277.50751 81.704408 939.00001
196.40918 90.537481 930.00007
-196.58037 43.726161 952.8001
-189.27556 43.124251 951.73341
-197.57447 52.048624 949.86659
-181.42903 45.625616 953.20004
-171.63196 49.484458 952.52943
-159.29078 54.830916 951.5
-145.66247 57.835698 948.44449
-193.21331 60.506087 946.00004
-139.43212 61.282508 950.00005
-133.52586 66.132933 945.00005
-199.20987 43.018628 964.1667
-189.49984 42.977113 964.00005
-201.53329 45.801871 963.50002
-182.45117 45.252319 963.00006
-176.92639 47.501612 961.60001
