29.012663 186.857925 -501.480194 
16.847309 176.539307 -668.583313 
16.540535 174.908630 -509.777802 
24.478136 171.047531 -539.654785 
34.963566 172.839737 -559.956116 
-32.501549 196.013458 -656.587158 
52.987194 200.356888 -644.082092 
-11.522072 196.646835 -740.841858 
-13.524981 189.429153 -689.534058 
-28.775343 162.841721 -517.678955 
41.549286 199.516617 -715.620178 
45.119076 195.800156 -681.856750 
-19.377548 171.691483 -583.644531 
40.938480 175.184921 -581.123474 
20.847900 182.598862 -484.494110 
29.198320 165.128036 -589.536316 
-24.966078 199.699112 -703.120667 
49.736240 203.673218 -543.118103 
-37.822296 190.554947 -556.021423 
-20.531397 183.359589 -644.405579 
-45.521873 162.991287 -495.892181 
-4.258801 181.894684 -673.741272 
-82.539551 215.613510 -459.354462 
45.942921 224.424271 -736.794373 
-77.355690 168.206360 -435.102631 
16.633818 190.471024 -749.640015 
12.484635 191.911240 -762.043518 
47.714916 224.424469 -722.814392 
4.067791 165.526505 -614.603577 
40.948566 178.877502 -564.423767 
39.819145 180.636551 -555.365112 
8.234378 172.514664 -646.992249 
-16.365248 174.943344 -614.652039 
33.976852 177.683975 -543.194763 
33.166073 195.205551 -488.731110 
-40.256107 167.017578 -512.459656 
58.675175 211.917984 -631.565369 
52.559799 197.020462 -634.632019 
-29.225233 158.171371 -480.208588 
-54.620335 203.597702 -530.706604 
-43.837555 197.591797 -563.560242 
42.234070 220.601822 -768.454651 
29.420744 185.852432 -698.906311 
12.881753 181.190170 -450.656952 
-60.472210 194.336716 -510.856110 
-8.283890 162.394058 -526.506775 
8.289336 192.568954 -767.676331 
-14.838145 172.025711 -422.263519 
-32.959965 174.654984 -534.579834 
32.445377 183.871689 -681.694763 
39.193497 172.847595 -585.295715 
-10.151457 171.545059 -443.173706 
-4.074888 162.005417 -568.514587 
0.100004 194.748123 -770.318970 
-50.017872 216.517044 -585.423584 
22.751801 184.660995 -478.735992 
-44.402096 184.124146 -529.340759 
31.770098 188.576004 -506.875000 
-75.962471 190.949875 -471.844330 
-49.254704 212.402359 -597.646545 
48.739395 204.880661 -698.840759 
58.960438 216.391647 -635.533691 
-29.321968 211.632507 -715.938721 
48.484634 196.556030 -548.679565 
49.376217 203.605942 -690.491638 
58.099712 203.571518 -589.636780 
15.022200 197.104004 -794.103027 
54.969246 199.454269 -572.775757 
21.535309 190.491470 -429.691620 
-23.448467 167.883911 -420.731842 
19.872534 180.092545 -685.835999 
-65.858315 199.559006 -500.847565 
44.979061 220.594284 -745.255432 
-2.292300 176.319992 -428.281006 
12.619421 165.964157 -539.095581 
-57.190189 179.716934 -504.224030 
20.007723 196.740860 -786.688049 
-49.023148 154.980759 -425.612457 
-13.664950 167.021942 -459.437592 
-62.945274 157.826324 -433.865295 
-59.950928 168.768723 -484.826172 
-61.264076 203.713547 -512.571045 
-8.194970 162.362167 -513.878845 
-51.792774 216.230362 -564.751038 
42.965282 190.110596 -665.591431 
44.989048 203.193130 -711.097595 
31.081055 201.759583 -783.361206 
0.090337 161.665146 -560.600281 
12.465101 177.986725 -677.949585 
47.455338 185.856918 -572.387207 
40.544903 204.750259 -745.105286 
42.972858 220.367874 -762.015015 
46.378727 182.362778 -585.412842 
50.189411 227.138916 -707.479797 
-26.401911 185.429855 -631.574097 
48.410049 209.562363 -710.151062 
-30.649298 198.382462 -673.918884 
56.982349 223.905197 -661.212524 
-48.116703 206.306595 -590.346741 
-30.522999 185.411758 -564.387817 
-15.903293 166.903931 -560.125854 
-55.061863 199.424942 -526.650452 
41.365009 216.266861 -772.705505 
-54.467369 154.906998 -417.560730 
-3.323273 171.426239 -631.063538 
13.751498 180.771469 -458.951447 
-32.559254 162.935120 -513.346741 
-56.834679 218.837006 -531.566406 
-18.476143 172.350220 -590.342102 
0.018744 177.372528 -661.144775 
29.997740 199.351669 -442.497101 
25.348986 173.283310 -534.591370 
-88.889297 181.621765 -427.352478 
-0.447542 184.346634 -693.606995 
-73.954636 214.974655 -483.252197 
31.566835 201.223694 -447.612366 
-66.259949 166.221176 -463.310272 
43.964798 227.835434 -749.948975 
52.697025 209.141617 -686.208069 
9.645564 180.808823 -438.034180 
48.004642 185.012100 -606.341492 
16.478874 183.850815 -707.312073 
34.535641 193.970230 -724.489197 
0.512626 172.690338 -471.597748 
51.011497 199.333755 -555.931763 
-66.399544 215.861801 -501.549652 
-31.724607 205.105072 -690.010681 
25.266081 190.990204 -736.804810 
42.793152 211.953857 -753.532776 
16.775515 166.289047 -543.326599 
20.929785 161.593002 -589.647400 
-19.213951 188.638489 -672.377930 
-76.241577 212.172470 -476.172699 
41.295403 228.050659 -770.553162 
55.243866 216.402084 -677.373474 
-58.105137 186.677475 -509.610382 
4.186327 186.790359 -715.840271 
39.111176 176.620499 -619.402893 
-12.678109 166.254349 -467.717773 
-28.296503 159.632645 -455.098602 
43.032955 224.785858 -757.770081 
-24.251490 179.163071 -598.073669 
37.829502 178.284790 -631.566833 
21.070143 166.544495 -618.885498 
50.685478 219.193405 -543.296021 
35.556198 189.013000 -520.711975 
-80.430229 169.519516 -429.961395 
56.904388 212.604477 -652.396667 
24.899458 162.526978 -585.382141 
-46.664310 207.801163 -606.521057 
-39.565567 202.074707 -638.681885 
6.563116 184.709915 -708.746338 
51.791164 216.190048 -700.894104 
-14.257108 197.576096 -735.443237 
13.920580 172.392273 -513.837524 
-25.236860 182.958145 -618.802185 
-77.963898 199.884888 -470.461639 
-33.534435 157.779984 -455.003510 
16.607924 182.204651 -699.132812 
-4.368805 162.049271 -556.138855 
16.816851 186.244308 -720.135803 
-73.743813 171.830521 -453.756500 
41.463245 203.441910 -518.040771 
-4.085351 186.995468 -698.817993 
-23.528973 163.605148 -445.546906 
8.441943 195.507553 -789.479004 
-89.195229 195.188065 -434.295135 
-9.013446 171.028671 -450.801727 
43.527096 206.827744 -730.707581 
-32.618118 199.759048 -669.386719 
-36.475601 175.458786 -529.537903 
45.021053 200.414078 -702.989807 
-15.604522 184.122681 -660.580261 
-16.619711 203.723984 -783.011780 
37.912792 182.122574 -652.747986 
-71.790504 186.587387 -480.081573 
-22.317780 176.860153 -593.949097 
-89.403877 203.182373 -435.276093 
35.519344 221.170212 -478.612152 
-23.382948 209.567963 -774.595154 
56.217739 207.007462 -644.368469 
24.853785 191.007950 -442.451019 
-42.483646 207.734482 -635.804199 
49.063629 216.221054 -715.538513 
-44.586491 204.566422 -614.495300 
50.851536 207.895599 -694.620850 
-2.726300 163.341995 -591.802063 
0.817720 188.310425 -719.727783 
-23.527925 174.924454 -572.766296 
-73.531853 204.343994 -482.883026 
25.266066 177.197037 -665.309509 
-12.648431 181.766769 -656.859436 
28.568359 175.417221 -648.348083 
-21.881231 177.123474 -602.231262 
49.151226 224.593338 -715.656738 
-81.985466 196.554199 -457.154480 
45.981335 216.394089 -732.536133 
-50.768948 169.305176 -501.293915 
-35.582401 159.020996 -430.915955 
-41.268204 196.097397 -572.771973 
20.112783 183.693253 -467.668030 
52.952484 216.372269 -694.525085 
5.066005 175.864944 -660.096863 
-34.117199 158.375366 -442.404083 
-19.840500 163.301010 -528.729004 
-74.099854 167.186279 -441.304871 
-61.583851 158.926285 -446.139862 
-17.367315 202.424301 -759.737244 
-22.382322 181.147476 -623.188049 
-42.170700 160.685410 -492.747620 
-24.987566 170.182877 -543.242737 
-84.507309 186.500977 -442.484375 
-65.194397 167.315994 -469.824005 
-3.226342 196.855087 -788.748047 
54.226490 227.730957 -682.297363 
29.658796 172.836777 -631.924316 
-62.955502 169.749771 -480.288269 
-69.978081 174.978287 -471.431152 
-53.507168 212.113419 -543.532410 
-45.948685 155.091431 -442.442871 
4.168814 176.883316 -450.825409 
-0.477933 166.862900 -501.376373 
12.808888 184.258575 -711.168823 
-54.725307 160.374008 -472.008270 
12.548171 182.824722 -433.899933 
-33.425049 157.970245 -484.438324 
54.872589 195.023941 -589.519470 
-79.642616 178.242752 -446.569305 
8.324600 179.207565 -446.570404 
40.401226 179.847519 -626.745361 
-54.324551 165.720474 -488.515686 
-39.004631 173.074753 -522.918396 
58.316639 203.813080 -606.467041 
-52.789032 200.342606 -534.291626 
4.275914 174.209091 -652.543030 
40.273033 196.784058 -711.502319 
27.250532 189.109497 -475.395172 
-49.552547 207.713516 -568.647949 
43.366165 207.803146 -522.307861 
26.486496 194.303482 -437.933594 
44.046051 220.458496 -751.127502 
19.783287 188.033997 -433.955963 
-29.523497 199.219223 -681.927429 
-12.747169 165.025314 -555.932190 
-13.430820 168.423721 -589.562500 
-79.554077 215.263351 -467.395782 
-76.809280 173.225494 -446.896912 
43.625969 215.536606 -521.392151 
4.994646 181.066544 -685.237793 
-25.183271 166.015701 -425.599091 
20.976967 174.467529 -656.801331 
-60.332623 163.886475 -472.192688 
12.607845 170.494492 -640.199646 
-4.314361 195.355331 -757.857239 
24.958708 166.400009 -555.974854 
28.536880 187.614883 -492.901398 
-8.326977 194.647202 -736.776306 
-64.716049 159.318451 -438.907379 
28.588228 195.444168 -446.540283 
4.101110 194.215469 -778.747498 
21.088171 177.964706 -509.644470 
24.860252 192.463593 -749.254150 
-40.323177 179.812912 -529.659607 
-39.456730 193.287399 -563.173279 
21.008287 178.429337 -677.803406 
57.090668 200.059631 -593.831238 
-47.671566 202.657333 -560.320129 
-16.253920 168.639908 -442.456024 
-17.954744 202.285187 -753.727722 
25.299192 195.428452 -766.029724 
60.855434 217.202332 -611.663391 
-28.105467 192.426544 -660.900635 
33.141888 179.266525 -656.707092 
8.476972 159.943329 -568.554565 
-76.676414 164.096176 -426.163391 
-4.360438 173.977509 -442.497162 
-87.722885 186.513031 -433.878479 
12.602891 177.939636 -480.320068 
35.891449 208.411530 -480.739410 
46.984615 190.267685 -640.153320 
33.262318 170.532944 -610.546936 
57.963619 220.379044 -581.255188 
-19.735430 171.030090 -576.899353 
16.675573 161.059830 -593.638123 
12.581382 161.653137 -560.191711 
-33.706066 158.916275 -492.854034 
-0.010998 161.917542 -551.539124 
29.363508 191.519638 -728.387268 
57.051960 223.554611 -652.641907 
16.653696 188.346573 -736.781799 
-50.004345 220.229797 -589.527283 
46.106327 195.259537 -673.671448 
-23.471550 209.455933 -785.007263 
-66.451790 178.266739 -484.589111 
16.666973 187.088821 -422.467834 
-30.155256 162.587753 -425.868866 
-26.009335 173.264908 -547.930481 
-82.230141 179.448593 -441.277557 
-8.313769 195.640518 -745.156189 
2.491871 171.779465 -484.878204 
-57.587940 170.915253 -492.246155 
26.066734 168.516891 -551.313171 
12.370025 187.657120 -728.303650 
52.159184 206.322495 -681.169983 
32.003334 215.117065 -439.056671 
45.342560 216.029953 -526.449463 
4.174089 160.291428 -581.273010 
42.564243 190.784531 -673.821838 
-0.083853 187.520370 -711.554504 
-71.285866 161.198166 -429.621063 
-4.282188 190.535416 -719.886292 
-16.963930 185.938583 -665.348206 
55.641300 199.248032 -618.956604 
36.430939 219.771973 -484.373566 
-3.414511 179.767822 -665.091492 
1.932160 192.933517 -756.544434 
-74.542374 160.724350 -419.048645 
-34.711578 168.668381 -522.806885 
59.507549 216.369186 -589.332458 
-8.577600 177.949326 -648.484802 
-33.191437 182.821640 -547.351990 
-82.271164 183.225876 -445.908447 
-26.974932 206.310867 -716.032776 
-20.964689 166.245499 -539.089294 
16.775671 182.861923 -455.043915 
8.467338 178.026871 -459.195831 
-45.516304 212.088913 -623.582947 
16.715330 195.352676 -783.044983 
-47.774410 207.408920 -598.081360 
4.208797 164.853210 -530.634460 
36.556061 192.206070 -706.722961 
-6.422240 167.634995 -609.216980 
42.415955 195.145889 -530.697021 
1.758533 176.320908 -446.177216 
55.725777 212.026764 -665.222107 
-38.174412 158.340134 -425.623383 
36.200558 196.462631 -505.752594 
48.675198 196.656387 -660.716614 
-51.257355 207.827255 -551.759277 
-10.117378 188.977127 -695.526245 
33.100536 215.788620 -446.992981 
36.951298 207.888931 -782.979919 
31.965792 199.889664 -455.159943 
8.324770 160.875229 -593.874512 
42.973362 199.290283 -526.270325 
35.541451 211.219284 -474.900146 
33.531155 182.829453 -673.611267 
44.236378 184.098495 -626.826904 
-25.134565 195.676315 -686.151428 
-12.413718 161.485855 -509.623322 
-24.506182 192.178818 -673.330261 
45.737286 211.992569 -728.433594 
45.760975 182.792374 -610.670349 
34.863922 220.195267 -463.414032 
-49.009129 207.691177 -585.444275 
-6.339779 197.087021 -768.715942 
15.989133 179.307877 -484.535187 
-0.138777 174.547714 -648.399231 
60.004692 222.916473 -609.920654 
42.010288 215.689606 -513.753357 
-38.912521 198.829712 -631.642151 
6.583208 175.780273 -472.496887 
-65.323128 208.062454 -503.687805 
52.922916 191.984482 -601.741516 
46.633091 220.585464 -728.555115 
8.350886 165.826553 -619.106262 
-29.429888 164.958542 -522.336487 
33.684422 182.390274 -530.599915 
32.704044 199.542374 -463.331512 
-37.441715 156.523132 -459.159027 
20.931593 161.914474 -568.720947 
3.845530 168.423157 -626.685303 
31.132654 172.170273 -550.548401 
-16.836639 199.849716 -741.006409 
-45.345654 179.029160 -521.662659 
29.879591 190.772476 -484.474152 
-8.352607 187.331665 -690.445007 
-7.986030 179.680435 -656.576233 
32.816910 196.317276 -745.083923 
-30.451612 181.758789 -551.854004 
-20.913252 178.601181 -614.753845 
-37.855572 158.887451 -488.688507 
37.752888 203.647705 -501.187744 
40.196079 204.553970 -513.056580 
-16.773657 160.981766 -488.579865 
-70.020500 167.000290 -454.610840 
43.216549 202.984390 -720.160156 
-25.223066 186.695557 -644.359314 
-75.299538 195.194641 -476.091339 
34.875050 207.958527 -463.509338 
50.289631 195.224548 -560.361572 
40.255917 192.639191 -694.173340 
-66.791039 162.178726 -446.515869 
8.493621 174.340942 -488.657440 
-3.531981 168.533920 -484.233856 
38.935841 198.495224 -726.431885 
54.334595 216.430695 -560.438660 
-19.752043 205.161621 -770.041321 
34.833710 190.506607 -513.592529 
32.391422 188.366013 -702.799744 
-61.969944 199.530533 -509.673859 
37.205791 200.096436 -745.061096 
43.073643 194.165970 -686.258423 
37.254276 216.342148 -488.785187 
27.818182 201.080032 -791.219543 
-85.563347 203.448593 -446.880341 
49.276760 200.037003 -673.659180 
-27.028822 180.976456 -572.714905 
-78.997948 186.486633 -459.128448 
-29.587049 158.534180 -463.380341 
42.993168 177.484634 -589.611755 
-44.936188 200.162003 -585.391968 
36.089050 200.310852 -497.540131 
-68.915169 185.426712 -485.813324 
44.663406 187.917740 -644.025574 
-0.339996 170.889145 -480.474640 
-4.210708 173.231308 -450.758575 
16.659269 162.188492 -602.560730 
-56.281132 212.044083 -530.994812 
36.875435 170.561188 -581.201660 
38.276760 186.692612 -534.877930 
-46.139938 220.118423 -619.202637 
3.821619 170.808365 -492.922333 
33.320210 170.213028 -564.466492 
21.955732 172.456284 -530.409241 
-43.926579 159.288437 -485.051483 
-30.639421 189.700943 -635.815979 
-45.234165 200.202530 -572.790100 
-84.984253 212.135605 -450.863495 
-60.028500 211.929672 -517.915588 
40.153198 231.194000 -789.192017 
-49.785156 162.554398 -488.049042 
-1.699434 163.686096 -597.127014 
54.236927 195.256241 -581.211365 
22.260668 184.777328 -708.680908 
-39.029606 193.934753 -585.276550 
-62.642979 182.439468 -497.121857 
-37.641415 156.922928 -471.669769 
-53.467922 207.855469 -539.145508 
-65.329453 187.787094 -495.739563 
-70.084915 215.263901 -492.878571 
-16.665091 179.141617 -635.662903 
-48.697453 203.018570 -554.929443 
-58.711609 156.902863 -438.372589 
49.188961 187.306900 -577.090088 
-16.113976 196.411041 -719.849060 
-50.435658 212.295975 -572.682434 
-9.601691 167.161209 -472.228729 
-73.068802 163.970444 -435.061188 
48.168102 193.524979 -554.520020 
31.320101 172.011002 -624.072998 
-27.627319 209.407196 -722.349243 
56.350834 202.264084 -626.396912 
-49.109600 219.826218 -602.100281 
3.182717 175.508591 -459.656433 
30.295465 185.195450 -693.721130 
-12.725493 195.656113 -728.314880 
-71.706581 212.025772 -488.488983 
-29.440460 161.932236 -434.005096 
8.270997 181.864868 -694.706055 
-11.873688 175.360611 -631.441833 
35.304447 203.069107 -484.217987 
-53.613785 158.903900 -467.149445 
-25.184408 211.243576 -791.582092 
-69.683510 162.936569 -441.197876 
-38.471821 185.935257 -543.521057 
-23.675104 207.020889 -745.092224 
12.739837 164.219833 -547.433533 
4.050003 161.159012 -589.641052 
16.485548 164.993408 -614.883240 
-53.641232 178.772614 -509.306610 
56.027390 227.382996 -669.846619 
50.952427 199.542618 -656.850098 
-45.629848 191.238052 -538.768311 
4.307034 178.973892 -429.685333 
-8.284103 198.802429 -780.895020 
-9.072543 189.660049 -701.396484 
48.204613 206.386719 -704.773315 
32.626110 200.453369 -768.199219 
4.333864 191.599869 -749.451172 
25.242296 178.748123 -673.762268 
44.245655 213.624069 -744.041260 
33.299976 191.695267 -715.621155 
16.746542 178.624512 -492.822296 
16.838190 185.133530 -714.614685 
3.953010 160.098618 -572.610901 
20.941713 198.223984 -792.335022 
-86.341461 199.541504 -442.964874 
-15.274253 171.388840 -601.830139 
-12.567054 164.843124 -475.899872 
34.459057 181.157532 -661.434143 
10.882449 167.515503 -527.604309 
-7.712175 162.954941 -551.805969 
46.291164 195.219162 -543.420715 
-31.716238 188.684311 -618.293396 
55.015804 224.622574 -678.116882 
53.268772 204.094711 -656.700439 
33.604290 178.025146 -648.579224 
-10.678800 167.608017 -596.390076 
12.942491 176.956406 -488.356903 
42.459942 228.029007 -764.307617 
-25.218599 160.230362 -509.681366 
0.186998 195.317001 -783.055725 
-34.183121 190.243027 -610.770935 
35.025688 220.165634 -471.535126 
38.861198 216.313278 -791.366028 
-34.050018 206.670639 -681.935303 
36.321056 171.220261 -572.845947 
16.756325 173.072983 -652.730896 
-29.468523 160.538651 -442.376190 
-34.258266 190.154251 -598.077393 
38.948746 224.788635 -788.543884 
31.326092 188.982224 -708.169189 
30.756407 194.363174 -467.480927 
49.726894 216.348495 -539.073425 
37.887970 182.366592 -543.260193 
16.844160 182.175430 -463.281708 
19.008749 192.980026 -764.679504 
-7.104485 196.922470 -761.936035 
-78.865166 182.330795 -454.744354 
47.876881 184.724472 -600.604736 
-12.682708 165.741638 -572.720947 
-54.667912 158.117416 -459.284149 
42.810490 177.633667 -598.051453 
-45.230404 216.384750 -627.325989 
36.073174 175.639282 -625.975403 
53.278172 203.549179 -560.291321 
12.468231 163.746658 -611.335022 
45.418461 186.819717 -560.231689 
25.221964 183.118958 -694.824585 
-54.226444 169.861282 -496.818634 
49.585297 186.805649 -585.380859 
20.981710 183.693344 -702.993591 
36.626102 179.080826 -547.768860 
40.515583 224.752304 -776.746338 
33.719250 194.541763 -730.445374 
-22.006729 202.364609 -728.455994 
-20.002092 204.788620 -764.052063 
34.174820 172.789810 -619.081055 
53.372128 220.614639 -690.388123 
20.986753 164.976669 -610.692078 
47.997204 189.657516 -563.677795 
-21.043108 161.576523 -518.425781 
33.538715 203.623642 -459.188507 
47.821072 211.231674 -715.171509 
44.538757 183.990494 -564.714661 
-26.144577 177.989243 -560.170959 
-52.143196 206.258743 -544.479431 
29.447355 199.305115 -774.616760 
-27.797590 179.234192 -555.497498 
-41.878571 156.033554 -438.225677 
-25.242258 165.902115 -530.610168 
-4.150316 191.721008 -728.328918 
-29.331486 158.439667 -488.685944 
4.132380 165.876144 -522.403931 
12.557290 168.829575 -631.603821 
-51.106419 159.729782 -476.544708 
-28.111921 188.175308 -640.158691 
35.209602 181.086075 -538.361389 
-13.820661 202.061600 -787.584045 
-54.538540 219.563278 -543.547119 
34.907215 203.705261 -476.119171 
-21.443773 168.822281 -547.825439 
20.585024 188.337708 -730.628479 
-42.009739 165.026245 -505.559509 
41.931515 182.418930 -631.532166 
0.131978 174.566132 -455.090088 
-59.951439 159.580780 -455.255432 
-86.379677 175.313416 -425.580170 
46.885330 194.916275 -665.326172 
-78.910301 174.133774 -442.196747 
4.182821 162.087570 -598.025024 
49.983109 220.479691 -711.449707 
16.870834 171.550644 -643.427307 
-15.531669 166.772934 -568.404785 
30.124487 195.126938 -459.277863 
25.091261 198.901321 -787.163086 
-12.653126 161.840393 -517.936584 
-78.159981 208.163681 -470.633881 
32.855709 175.281143 -635.522156 
-67.037468 195.225845 -497.092621 
27.559381 171.537308 -544.304504 
28.361692 188.525284 -715.485840 
-71.273819 190.822495 -484.578796 
-23.390009 180.100235 -610.295532 
-53.053543 222.872543 -556.413574 
8.367143 162.016403 -602.042114 
-12.516158 199.214279 -757.749512 
-62.393734 186.512466 -501.074219 
-49.320885 187.412827 -525.910400 
-8.483203 164.973190 -488.676239 
0.123808 164.142441 -526.430237 
-25.313719 161.710159 -450.803772 
30.153152 168.634415 -559.879395 
39.471424 198.344360 -516.822937 
-6.864952 163.726639 -501.035980 
-51.030701 222.682007 -579.929016 
-31.701504 196.959991 -663.377014 
-29.431936 207.833725 -707.216370 
-52.599556 213.699738 -554.914612 
-17.945992 176.854721 -619.177002 
-12.653241 177.882507 -640.092773 
-50.922199 216.524368 -576.852600 
39.130619 194.267090 -521.843323 
39.208374 193.645874 -701.534241 
-26.985903 181.128006 -581.242432 
45.802067 190.811295 -652.498047 
-8.393731 191.149658 -711.414001 
-47.777821 219.938065 -609.534668 
50.619476 190.963272 -572.773987 
-53.611050 182.720596 -513.396179 
56.987637 216.399948 -656.531738 
16.655106 159.756683 -581.179749 
47.857758 216.275726 -533.785400 
20.967205 161.014709 -577.062256 
-15.264206 188.552429 -681.782104 
-24.711020 187.800842 -652.541748 
40.901066 208.200211 -757.691833 
-25.274237 207.260559 -732.644287 
-56.959530 208.208633 -525.856018 
-41.910099 156.021317 -463.455780 
21.844645 185.272980 -463.050934 
55.309147 219.554428 -564.954407 
-28.993105 203.644760 -698.840393 
-16.772806 204.024002 -792.592957 
29.225992 196.113998 -757.651062 
44.265881 188.438065 -550.851379 
-3.795381 196.394897 -778.955139 
37.823395 186.995300 -677.850342 
-28.874832 182.712509 -560.123352 
2.433537 167.482437 -506.907135 
-23.333918 196.991379 -698.359680 
44.381504 179.818375 -581.259583 
31.152348 193.680038 -475.611176 
-86.223351 208.261642 -444.939941 
42.254704 182.339050 -560.130310 
-7.871514 162.785294 -560.159241 
-37.850613 160.268234 -497.200226 
5.656423 163.594818 -542.169250 
-30.902117 189.317978 -628.125793 
-65.584236 183.435181 -491.690826 
4.561570 161.877579 -556.006409 
41.246067 191.122787 -535.064758 
4.275540 162.546219 -547.450500 
-32.242245 179.010361 -542.552429 
-62.665104 162.105423 -459.072723 
-2.545666 171.911072 -466.531525 
59.988491 220.177246 -623.523010 
34.348934 203.213028 -467.753418 
-6.468314 167.706650 -479.326782 
-45.235798 207.855759 -618.850037 
-16.851656 160.172775 -505.321259 
-71.280975 203.545761 -488.810577 
20.874308 169.703735 -631.475342 
-23.318800 176.084000 -583.744080 
56.266392 220.585922 -669.313171 
-70.800056 169.893082 -459.093231 
-37.113018 201.876007 -653.092773 
21.235506 185.915298 -455.010773 
-36.418392 196.143570 -635.490356 
-8.450354 199.124268 -787.134338 
56.924305 205.228790 -630.670715 
7.843135 175.325806 -480.358307 
-22.264845 189.434097 -668.214294 
-24.501860 174.231064 -555.855225 
-23.716171 200.617905 -711.367737 
-52.061192 222.911743 -564.427673 
44.387352 197.089874 -693.601990 
-13.054938 194.120865 -715.862854 
-54.567665 157.003067 -450.932037 
34.006378 219.164352 -455.525177 
27.560352 200.164307 -426.281555 
20.950397 187.297668 -442.387115 
-60.293289 218.816818 -517.906433 
25.309914 195.150391 -429.730072 
12.504851 178.843246 -471.778839 
-12.078422 192.233521 -707.220764 
58.385189 203.724747 -598.045227 
-46.424614 212.250900 -614.597961 
-1.929340 167.518997 -494.367035 
-19.992493 170.921951 -568.538879 
-72.502312 199.463120 -484.315491 
53.211872 219.086914 -555.420776 
-81.546577 203.187393 -460.286682 
-30.334211 186.003433 -597.900330 
48.625027 208.115005 -535.906494 
-4.185050 175.010910 -433.986725 
48.684132 188.223312 -618.762939 
27.575293 192.886093 -451.682190 
-17.697813 193.709702 -699.247559 
-32.067837 212.182098 -701.356445 
9.069017 175.965927 -664.049316 
-25.878128 194.460709 -678.061096 
58.885471 207.901352 -618.932861 
-44.692936 200.760635 -593.667053 
-49.991028 216.400024 -593.531067 
-39.005199 193.546890 -568.641418 
35.125156 206.416397 -787.700256 
56.954197 200.996338 -614.042542 
45.903103 203.476181 -530.653381 
-55.895832 163.893723 -481.501099 
-36.747768 199.745651 -648.332581 
-39.820900 205.843002 -646.213989 
-16.855940 160.832230 -513.285583 
-63.731232 173.699448 -484.731903 
-34.438915 194.622665 -640.167908 
44.681332 196.477341 -535.409424 
-20.989202 187.187637 -661.047791 
-41.438000 199.292130 -614.792419 
-53.230133 154.931473 -428.740967 
26.358366 181.199570 -513.476990 
-52.689308 217.255081 -558.785950 
51.356426 203.620377 -551.894958 
17.414904 185.415955 -438.057709 
-12.626933 165.093430 -564.371033 
34.030399 199.301331 -480.165253 
-8.420495 170.051529 -459.196014 
8.492004 159.796402 -585.210632 
-17.114107 198.262573 -728.515625 
-21.532026 159.002304 -501.355865 
-82.871574 190.816422 -450.675568 
-19.418627 184.285156 -652.032776 
-12.338524 166.551743 -581.064514 
8.413979 169.954102 -635.977966 
39.629837 207.632904 -508.718323 
8.364825 169.379501 -513.900574 
-53.475533 175.027084 -504.908447 
18.347933 184.754684 -446.024811 
-3.641506 172.521255 -459.212585 
30.780157 193.597000 -737.186523 
-33.611603 186.812607 -556.012634 
30.915730 203.321594 -438.017914 
29.420568 166.098694 -597.951843 
-71.974724 182.536880 -475.860870 
31.205568 176.786316 -537.964478 
54.152100 203.666336 -648.445007 
-19.547466 180.096588 -631.141602 
20.709047 171.265015 -639.739929 
54.029278 195.346359 -614.703430 
17.078066 177.247452 -501.138916 
-36.752743 191.656403 -572.776367 
4.037655 179.521530 -422.752075 
24.974745 166.905502 -614.628967 
-30.532000 185.434067 -572.773499 
4.088597 188.037598 -724.148865 
24.730614 162.671936 -572.873474 
23.643734 184.046677 -488.828796 
-36.911182 191.837463 -589.463989 
-43.251160 198.160095 -580.943176 
59.326885 220.289703 -631.435547 
-83.185059 170.358170 -425.322662 
55.422997 203.621536 -568.408569 
-84.494682 178.281143 -433.937775 
-27.965063 183.915573 -606.520569 
8.492614 162.429459 -551.423401 
-42.458042 173.635117 -518.592590 
19.548143 179.740250 -497.300781 
-29.179995 158.416672 -471.803925 
56.910217 219.994537 -572.932190 
45.089867 183.377472 -619.011780 
59.987598 222.899368 -598.027527 
-80.755898 211.871475 -463.670929 
-25.475359 178.120041 -568.569092 
49.003826 200.588120 -681.961121 
0.333280 171.369644 -635.444153 
1.302467 163.578491 -534.720520 
28.840406 166.513229 -564.495850 
-88.902557 215.705643 -439.620361 
16.537733 191.417603 -755.576416 
53.154789 199.628403 -564.615417 
-19.555063 200.959946 -736.440979 
-68.959671 177.167450 -477.261719 
-36.707417 187.953262 -551.357971 
-85.903198 218.552002 -453.082001 
-41.247173 162.666580 -500.769989 
-42.029736 210.854660 -642.470642 
4.059042 195.716995 -792.604675 
-21.559807 206.764481 -795.228577 
-28.419622 200.186142 -690.304260 
33.622509 199.494934 -757.729553 
-32.545956 187.749008 -589.540833 
14.993201 192.995987 -769.065002 
54.934750 212.074081 -673.467468 
41.657860 178.582672 -614.683655 
-37.691406 156.763931 -446.716614 
-59.143593 203.495880 -518.061523 
-12.766427 185.660538 -673.730469 
22.705774 163.566803 -562.972717 
16.713015 177.057739 -673.728760 
34.881084 212.253677 -459.079132 
19.543631 175.653870 -514.193176 
-0.019093 182.845871 -686.352356 
-20.507980 200.214645 -724.017517 
-67.142204 158.236984 -425.458038 
38.992218 212.067749 -501.236053 
-74.014320 183.074722 -471.198944 
35.308399 188.938004 -696.221008 
-35.296936 202.355911 -663.258179 
26.408815 189.911728 -458.924805 
0.812829 179.913803 -672.982422 
-19.352999 192.983017 -692.828064 
-47.121582 199.255966 -551.746033 
-57.660976 195.502182 -517.596252 
43.722775 189.138336 -657.515747 
-12.626019 162.708923 -530.468567 
-83.971016 199.481705 -450.791290 
45.115105 227.231186 -741.741699 
-75.873413 203.555984 -475.711273 
-4.231483 170.187607 -471.808197 
-43.477291 207.333481 -627.780334 
-50.814518 155.052353 -438.588409 
27.953405 167.369934 -610.303955 
-29.225924 187.116333 -623.344299 
0.031971 165.352295 -513.762634 
57.975811 216.487671 -644.406250 
32.805832 166.933517 -585.337708 
28.910013 178.928879 -526.684753 
25.345060 169.176498 -623.285583 
12.464978 173.749039 -656.849731 
25.544146 186.155655 -484.388672 
50.704929 212.163925 -543.372375 
-20.538534 196.105576 -702.984924 
-58.971001 155.950775 -429.882965 
36.264832 204.988281 -772.453552 
-29.733015 186.129166 -610.761230 
-8.494126 165.787231 -589.623535 
-49.296772 155.031464 -417.075592 
-3.572517 192.503906 -736.420410 
-58.668812 161.520508 -467.559021 
8.433712 191.653275 -757.499023 
45.727230 186.629532 -631.614075 
20.987801 195.122009 -774.733398 
-68.714180 199.231888 -493.695435 
-7.440498 189.742920 -706.298279 
60.019833 212.224747 -614.536377 
-76.186867 186.522659 -467.706940 
-9.315520 163.854324 -568.378479 
31.611780 208.567184 -434.743805 
-55.006687 216.471329 -539.105896 
-37.755669 157.805359 -480.194733 
52.059635 224.830215 -699.208435 
29.405119 169.948837 -618.813293 
-21.461321 207.396072 -778.782715 
9.437926 172.531281 -500.903412 
-0.422201 168.371506 -622.301941 
-42.483440 194.547256 -556.077209 
41.273670 211.933060 -766.380188 
-41.958004 156.537918 -429.731415 
55.533691 212.177628 -564.480469 
-41.989262 157.437073 -417.686127 
8.599267 193.450394 -773.215271 
48.360401 193.033005 -646.358948 
-14.141304 180.720825 -649.075867 
-62.844849 207.918213 -509.754395 
-38.955254 193.980881 -593.684692 
59.136951 222.913651 -590.130554 
59.994991 216.400253 -598.030518 
-38.011257 168.764908 -517.897217 
-38.107143 195.023926 -614.979187 
-45.945492 165.621292 -501.264679 
36.667564 212.037842 -484.394714 
55.008156 195.056808 -598.065063 
57.805569 212.041855 -639.932312 
42.723522 207.818100 -740.911194 
-47.955898 177.029709 -515.261902 
-48.360775 213.783188 -604.761536 
-24.532515 203.707138 -719.863342 
51.782005 189.731644 -589.650940 
39.259857 228.970352 -782.978088 
38.006622 219.247314 -493.058380 
40.359722 216.288696 -778.521057 
37.443058 174.460220 -614.619324 
15.919351 163.061691 -555.350403 
-25.152723 160.674576 -459.264191 
51.985603 216.399902 -547.347961 
20.880617 187.658188 -724.104431 
-31.897106 207.490326 -694.735596 
-40.230083 196.902069 -609.880310 
8.278701 177.688736 -673.770508 
-79.995567 199.303101 -463.584747 
9.294505 180.862762 -689.489624 
53.913151 212.148941 -682.070007 
-55.471680 195.162857 -522.276184 
-4.193758 163.002182 -530.682373 
38.443974 190.833023 -526.273010 
49.047028 195.619659 -652.412109 
-4.044233 175.096695 -644.147034 
-23.754601 184.088394 -635.962097 
22.447525 180.655365 -504.012695 
50.521175 195.148788 -639.953308 
-8.301414 198.523697 -774.659180 
-16.855637 164.025375 -535.032288 
-12.361320 168.768906 -454.760529 
8.387550 186.517838 -719.928772 
47.580837 216.146973 -722.112305 
41.205391 203.758438 -736.648315 
60.081760 216.446655 -619.011658 
-47.149471 203.471298 -581.442200 
-19.453899 159.348816 -496.630310 
39.237309 189.443039 -682.544250 
-40.749008 196.686615 -602.117981 
-58.627647 216.224976 -522.377441 
36.416859 188.430679 -690.525879 
-8.482924 199.407867 -792.355347 
-25.280624 178.259903 -576.995544 
30.650053 185.342773 -513.752258 
-81.312660 190.555435 -455.548859 
-77.088982 181.727402 -459.745880 
29.025331 179.465591 -669.388977 
-6.748568 184.441086 -681.145325 
4.102701 189.922470 -736.628601 
24.846087 187.416733 -467.656647 
-14.028086 201.827087 -774.587219 
18.131403 168.101364 -538.246887 
52.502102 205.093002 -672.187988 
3.561100 163.791672 -606.798767 
-53.821262 186.863770 -517.596130 
36.677799 179.626602 -644.053223 
35.862484 216.152191 -477.047943 
-43.015354 216.401489 -638.948181 
-67.909340 203.589722 -496.953766 
32.390102 166.909103 -576.967957 
-16.866514 177.525284 -627.458008 
41.658390 207.756119 -749.489746 
12.537037 166.582169 -623.530029 
-26.439341 168.386414 -535.365784 
-21.061478 166.461548 -438.304230 
-8.435857 163.043747 -543.362488 
16.818954 160.165298 -572.784973 
-12.678246 173.016953 -619.025940 
35.336697 197.663879 -739.954163 
15.214126 171.581375 -519.091248 
-81.339172 185.880112 -451.285889 
0.049320 161.164551 -576.897095 
33.578991 203.255264 -778.803772 
-16.852116 165.426865 -543.409302 
16.824434 174.831299 -661.180237 
-12.535346 170.481979 -606.392151 
-44.641823 202.748398 -605.345398 
8.508178 177.198013 -467.613312 
-84.874794 195.231079 -446.735870 
-8.602700 162.924866 -534.781433 
-22.086077 172.815048 -564.239258 
-6.815581 171.595932 -626.141541 
37.181664 195.745255 -719.840454 
-63.036472 156.172897 -421.416046 
23.540113 194.169342 -423.057404 
25.073076 178.567276 -518.143005 
-41.250774 196.175766 -589.481873 
-16.943605 166.057999 -454.932159 
-0.144735 162.670929 -543.554138 
-50.555058 156.410049 -455.078094 
4.062943 169.663483 -631.661743 
-65.635345 163.023605 -454.537506 
-20.749008 168.713379 -425.576355 
4.151369 182.188705 -690.435608 
59.410236 207.799561 -610.561951 
-44.772251 222.990906 -631.018921 
8.422742 181.517960 -425.596161 
-21.876444 162.837265 -455.200470 
-19.515711 196.894180 -711.087036 
-41.023186 200.171707 -623.168152 
-12.706115 161.456345 -501.269501 
34.792660 185.657852 -526.325134 
-88.507759 207.724655 -438.468353 
-3.431129 176.453720 -422.466705 
-39.001858 193.907059 -577.026428 
-12.608368 162.207413 -492.826630 
8.305450 188.169785 -732.737854 
-20.844948 170.077866 -555.788635 
38.349697 212.052567 -787.525879 
29.454554 174.175415 -640.059570 
30.615038 197.934769 -762.372498 
-8.407897 181.786255 -665.303284 
-15.239189 167.972168 -449.860321 
-63.058826 218.771454 -510.227753 
21.684021 168.457596 -543.017761 
-20.977388 161.731323 -467.544739 
-2.864068 167.237762 -614.644226 
59.588055 211.957382 -623.416199 
46.771992 186.634933 -623.215576 
24.148758 196.814804 -778.613953 
-52.004395 202.638901 -539.631042 
4.543994 179.741928 -677.787048 
-70.540962 195.252991 -488.560822 
25.163496 164.748642 -602.261658 
-25.498960 158.908310 -497.030182 
-67.280975 157.236099 -417.972046 
5.619280 171.809006 -642.254944 
-65.898079 170.947601 -475.711731 
-8.093982 196.384399 -753.369202 
42.340984 186.509140 -652.712708 
-12.646613 198.579849 -751.700928 
-72.999763 168.432816 -447.670227 
31.318731 167.971405 -602.829163 
-73.978554 179.415970 -466.826569 
-46.172836 155.635696 -421.297150 
51.285778 207.811981 -547.504028 
55.337654 203.827042 -640.220276 
39.484417 184.868286 -660.145325 
41.295948 183.002335 -639.608276 
34.995243 216.399368 -467.528839 
-16.760094 166.559937 -551.717834 
-72.141090 173.957260 -463.559082 
49.907169 199.533463 -665.362244 
14.312413 167.805557 -533.265015 
49.237675 191.386734 -631.358215 
-51.531921 194.819839 -530.895020 
-49.996601 212.326340 -581.404602 
-33.683842 161.082138 -505.484711 
49.675259 186.717056 -593.812073 
-11.624224 163.979752 -484.175110 
-44.518806 171.181717 -513.329712 
36.906754 170.773056 -593.621277 
-21.001583 160.603607 -475.952789 
-19.138680 163.544189 -461.959412 
8.339820 165.441025 -534.931335 
59.995605 220.400558 -602.529785 
9.429254 168.155289 -522.059509 
-8.467049 174.281921 -422.300873 
8.395112 194.868347 -782.988220 
-15.592079 163.944260 -471.712372 
57.092888 200.078537 -602.206726 
-31.152174 193.377914 -652.038025 
-51.165035 220.438599 -572.276306 
-43.651791 220.533951 -636.055603 
50.361355 216.296249 -707.494690 
-19.342146 205.529160 -787.185974 
15.246335 180.038437 -476.526093 
-40.004684 184.263565 -537.851013 
8.092389 170.702011 -505.712921 
12.394001 183.058090 -703.016907 
-15.975257 202.302597 -766.846130 
-50.144817 166.326431 -496.792694 
-67.802940 160.144699 -434.229218 
-63.120068 195.222488 -505.714264 
33.804073 212.114517 -450.636261 
-47.770206 189.369125 -531.770813 
-8.390800 172.914810 -438.200775 
56.812908 204.766068 -573.466553 
-16.917349 169.580780 -433.902771 
50.153385 190.980087 -623.316833 
-20.897097 190.843246 -677.762207 
59.835239 216.218155 -627.640686 
-11.473156 172.246292 -433.787018 
-42.098133 155.931091 -454.975800 
9.769780 188.802994 -739.296936 
16.893095 189.408096 -742.865295 
-43.719448 211.771469 -632.229553 
-77.355423 177.015656 -451.830139 
-34.744934 189.658081 -585.279907 
52.909267 204.791138 -665.374084 
40.196598 218.680008 -506.769623 
-27.670002 159.149002 -503.557037 
-81.041588 172.904800 -434.505951 
-31.629700 159.126007 -499.596008 
37.161800 203.963974 -764.141846 
23.273849 192.919983 -756.616882 
-49.517155 199.501892 -543.160583 
-33.241634 157.355591 -467.669952 
29.404024 183.082275 -686.091248 
30.749422 189.591568 -497.063995 
38.321316 199.182877 -732.542236 
-41.547665 203.511337 -631.733704 
-0.316156 164.043579 -602.381897 
16.882128 180.733505 -690.373962 
-16.740007 161.951721 -522.588684 
27.626751 184.149261 -506.848846 
-50.485352 182.414429 -518.062988 
30.496525 207.891083 -429.754303 
-17.013140 173.722412 -606.477966 
-29.765781 190.528183 -644.450684 
-45.558868 195.518173 -547.502258 
16.793831 170.582199 -526.612244 
46.574524 212.136398 -530.603699 
-73.190262 194.601273 -481.545013 
-36.856316 159.744308 -418.048950 
21.091078 162.412582 -597.887390 
53.011959 196.490097 -627.373474 
-5.286592 184.933289 -686.521667 
23.256342 188.737015 -447.822845 
47.005127 198.940369 -686.452454 
-23.512091 208.532028 -762.058777 
-29.712278 178.329041 -547.571350 
0.011856 185.881851 -703.050476 
-8.235866 173.717773 -429.664246 
39.920750 213.249542 -506.728516 
40.969646 174.923950 -593.694397 
-68.260307 212.003769 -496.860138 
33.870026 168.910049 -597.968872 
33.812923 185.747574 -686.353516 
59.581432 208.198563 -602.191345 
-89.924019 190.097870 -430.773346 
-54.722057 156.155090 -442.386810 
-20.309990 192.258179 -686.151489 
-0.644640 176.653320 -656.084290 
-78.406006 195.357361 -467.726776 
16.903643 168.171738 -628.066956 
-28.422972 194.558853 -668.419983 
43.039612 216.473923 -757.448547 
-5.908137 163.643616 -581.927979 
56.889896 211.984146 -571.073181 
4.617531 160.730728 -564.675964 
0.036130 194.175980 -762.031311 
-18.022871 180.919983 -640.397400 
4.821913 184.209610 -702.779968 
0.031213 161.806259 -585.198303 
-53.444302 216.448975 -547.720764 
42.883793 198.841003 -707.425964 
-61.582451 175.525909 -491.604797 
-40.994194 191.992783 -551.290405 
-7.713031 166.891479 -602.090637 
57.408733 203.587112 -581.211365 
54.464993 195.057877 -606.307190 
58.922424 222.822647 -636.124817 
12.491170 159.947845 -589.511414 
-21.140402 199.066544 -715.714294 
-33.601109 165.542862 -518.226135 
25.985872 180.670883 -681.477112 
-1.888640 193.302994 -746.888000 
4.148180 177.948853 -669.485779 
-83.056038 203.535995 -454.980743 
-8.461152 174.750229 -635.741272 
-26.121435 181.587326 -602.321228 
-58.000114 174.411606 -496.813324 
-49.919949 212.029907 -589.512756 
32.126663 207.866058 -442.407166 
20.897612 173.000107 -648.490295 
-32.166649 159.646027 -437.625885 
-86.468269 216.303741 -447.018188 
28.405903 191.632477 -463.594543 
59.931759 211.960190 -593.579407 
58.754627 207.873444 -585.512024 
-29.868530 169.186630 -530.979431 
38.298584 185.936569 -669.540283 
36.407154 203.531616 -493.027191 
23.895323 192.114609 -434.041962 
53.003300 207.813614 -555.835693 
7.271873 159.454239 -577.002380 
-73.998665 187.096527 -474.790344 
37.720989 207.789078 -776.494751 
53.181919 227.916336 -689.930420 
-29.265522 164.444870 -418.667084 
32.252056 167.205429 -593.300476 
57.366276 216.212692 -576.915466 
56.840996 217.067062 -665.123352 
51.786098 194.382080 -568.311096 
-28.776110 174.365219 -543.061707 
-50.134975 207.941269 -559.992249 
-46.160297 155.615723 -450.511993 
39.068726 218.952194 -501.186798 
20.806555 165.773376 -551.634216 
39.488293 215.905273 -783.554626 
-3.808209 164.144592 -509.608643 
27.382952 192.882980 -743.570984 
0.028145 190.842407 -732.537048 
4.385965 178.115097 -438.010986 
57.036861 200.593933 -585.534485 
-6.722345 163.263504 -576.664124 
54.547489 207.693588 -661.132263 
-37.233952 195.288559 -623.164001 
48.131557 202.023529 -537.904419 
29.392073 164.847961 -581.182312 
-33.877670 203.273788 -673.819031 
33.947124 207.875381 -454.942902 
45.675053 207.911514 -719.825134 
38.461880 203.303284 -751.795471 
16.808908 161.599136 -564.253357 
38.197758 199.300171 -509.512939 
57.998642 222.948364 -644.227234 
58.525555 212.180557 -581.462646 
42.039925 178.304764 -572.698669 
-8.160686 168.861313 -467.600616 
-0.113674 165.623276 -610.516174 
52.883511 212.316666 -690.427795 
53.992794 216.552017 -686.189514 
-22.771641 159.082504 -485.485443 
60.332005 216.286133 -606.645203 
43.430355 185.451645 -555.716125 
28.605925 199.516129 -433.866730 
12.593438 181.866928 -442.436035 
27.228300 188.968994 -721.083984 
12.348586 174.964859 -497.215881 
43.521458 208.449081 -735.940002 
34.158085 195.082779 -497.045685 
-50.325726 155.676956 -446.525146 
41.054264 186.937637 -543.447449 
38.384098 173.327286 -602.151306 
42.181763 178.050644 -606.385315 
-24.404375 178.403183 -589.485779 
-30.503920 185.406311 -581.023499 
32.887100 205.396255 -793.699036 
37.985180 207.726303 -496.917267 
3.078931 193.376221 -766.404602 
25.539507 173.375259 -644.251465 
37.825161 174.035904 -568.485291 
36.830582 207.938889 -488.849304 
-33.440304 191.221924 -623.290344 
24.573334 171.372452 -635.485168 
-31.072119 159.070358 -447.756714 
-42.278736 157.715759 -476.238922 
-46.394299 157.798233 -472.020477 
25.920851 176.565765 -659.932190 
37.515656 203.419296 -757.843323 
33.961208 198.688004 -751.982849 
-26.145658 189.781357 -657.020813 
4.198005 169.481064 -501.412323 
-33.391964 157.509598 -475.971466 
8.238868 190.019913 -745.132385 
-42.659214 190.270859 -543.434631 
-35.931297 179.976135 -537.632874 
-46.382092 156.062698 -459.334869 
23.741114 175.870132 -523.263855 
-5.079394 163.091385 -517.952393 
-4.499425 162.907364 -539.030457 
-8.339892 169.817383 -614.793335 
-17.520271 168.956711 -572.693115 
16.829508 186.430801 -429.763458 
-53.061146 220.133224 -551.675293 
-7.592595 192.411392 -723.916687 
25.341219 174.906738 -652.803711 
-74.236839 175.069809 -458.901886 
33.402569 199.491440 -471.779816 
51.506104 190.132263 -606.444885 
26.325743 163.877090 -593.898865 
-1.287191 175.799606 -438.500671 
-49.026131 196.008118 -538.522827 
-11.602948 184.125305 -668.983643 
-46.023960 155.254532 -433.683807 
-32.751881 187.656921 -568.576111 
12.514564 173.403793 -505.480438 
16.538742 169.889038 -635.680969 
40.350525 183.849380 -647.858093 
-26.538286 181.421875 -593.758850 
57.264431 208.062744 -635.648376 
45.314274 181.939697 -576.663025 
-54.618992 155.346176 -433.979767 
-49.370632 207.818008 -576.821716 
39.594006 210.032974 -771.677429 
-42.897488 198.980331 -598.123535 
-36.751835 191.656906 -580.976379 
-28.436354 183.326279 -589.409119 
11.916023 183.904984 -422.508942 
-78.806572 190.857925 -463.579559 
29.385372 182.508560 -518.199890 
37.917446 212.106705 -492.864288 
-23.880600 163.300003 -524.778992 
53.195980 194.409805 -576.004333 
52.763729 212.301285 -551.172302 
-70.006401 207.914413 -492.318817 
-50.397446 157.367645 -463.356750 
29.454481 195.001328 -749.332458 
-4.622331 162.494202 -547.488342 
51.021427 190.713196 -614.767090 
-68.854546 190.186951 -489.696869 
-16.786423 194.690659 -707.282288 
-63.116390 160.492111 -450.764435 
-47.446995 159.516205 -481.155426 
38.879692 173.322174 -576.741638 
-50.035492 174.353989 -509.262421 
-26.063614 158.950577 -476.071777 
16.938780 181.438370 -471.588104 
-32.751865 187.656921 -576.976013 
-16.871155 161.939316 -480.194611 
-19.991961 174.909927 -598.036865 
-12.561444 164.365875 -547.467712 
-86.943672 190.846298 -438.354523 
26.390516 185.209366 -497.078583 
-25.090990 164.706909 -433.839142 
12.518638 194.645370 -778.342468 
34.154583 177.038223 -640.109558 
40.369114 183.993423 -548.141357 
-13.297232 163.761200 -539.273376 
0.047704 191.860641 -740.742676 
-20.715607 203.945908 -749.275146 
21.190294 181.667007 -492.687439 
48.590855 220.330826 -719.223694 
29.332525 165.484100 -572.697021 
54.735348 220.540512 -681.927063 
12.604764 161.261734 -597.959900 
-34.771503 189.640228 -564.290710 
51.469913 190.339340 -581.007263 
-26.269974 162.931259 -438.477020 
-23.453110 207.669922 -753.421692 
