61.409706 -25.727903 -33.519211 
-73.743034 -30.192923 65.937653 
60.309189 -38.019653 -18.860184 
30.627474 -40.267471 -9.668060 
8.021049 -37.106499 -7.605270 
-36.094940 -13.972923 101.686737 
-70.844650 -5.375796 22.933228 
-118.328201 -8.894949 129.096176 
-74.421814 -18.204952 103.131500 
77.044159 -52.269447 23.311661 
-125.159500 -4.064444 70.864365 
-98.807487 -8.888597 49.678818 
16.930756 -40.349625 50.922577 
-12.877062 -33.610435 -1.256607 
79.827339 -31.092216 -35.830811 
-14.346472 -43.969147 12.895676 
-79.143387 -8.065304 120.332352 
16.283598 -6.178726 -28.285126 
51.251160 -23.630098 52.199661 
-32.990166 -26.406923 84.729187 
104.363327 -53.899086 25.790268 
-66.508476 -25.821930 86.657394 
158.220322 -4.877775 38.857040 
-143.807495 21.854342 79.141220 
172.950638 -52.831833 20.259048 
-141.147781 -13.149221 109.874481 
-149.311066 -11.460018 120.055099 
-132.956512 21.408743 70.161346 
-22.075218 -43.991966 47.541550 
1.439092 -30.575975 -10.108536 
9.794460 -29.236580 -13.958511 
-51.186295 -35.527496 61.545380 
-10.633810 -35.730621 65.063980 
22.992659 -32.980827 -15.618622 
70.475281 -17.665089 -43.632584 
87.829636 -48.944351 30.319077 
-62.591995 5.987534 11.732681 
-62.852196 -9.096288 18.147842 
108.606956 -58.412918 3.510101 
82.381897 -12.536371 53.170044 
48.537613 -16.650280 61.497604 
-168.782730 19.067293 99.121368 
-105.447334 -19.021849 71.799118 
112.535767 -34.257729 -47.256577 
101.670242 -22.874149 47.241776 
58.644173 -51.233635 10.726151 
-151.786133 -10.817503 126.629501 
150.695633 -46.046951 -39.293961 
65.754677 -40.057884 36.200638 
-92.661774 -21.500023 59.979874 
-15.613495 -35.877060 2.389038 
130.524277 -45.452148 -32.069229 
20.932264 -49.751999 29.650818 
-149.513641 -8.995596 135.014816 
34.570358 2.739205 78.914108 
83.800056 -29.153313 -40.466782 
76.867714 -31.450401 43.303345 
55.495560 -23.650579 -32.914230 
142.631561 -28.632872 39.346298 
23.592819 -0.847625 84.705627 
-114.498978 1.033442 55.951660 
-65.812057 10.621129 13.733078 
-86.889328 4.097633 131.183456 
11.812836 -13.132500 -24.437271 
-107.873840 -0.527920 50.911209 
-27.430904 -4.004226 -10.445496 
-177.388550 -4.889944 135.210922 
-11.793624 -8.942284 -16.936523 
126.194290 -25.313200 -65.542648 
156.318649 -50.717476 -32.953018 
-89.690208 -25.807859 72.712494 
113.313126 -18.352749 46.567352 
-150.672409 18.309042 84.384384 
139.199249 -40.831108 -46.552002 
37.102791 -46.019981 -0.088699 
104.600883 -37.536079 40.538467 
-173.812683 -5.263933 127.023178 
165.026047 -64.821930 -9.086411 
118.391533 -49.526772 -20.514526 
165.662735 -62.435425 7.159653 
121.753830 -49.367668 32.198700 
101.232574 -13.496233 49.073227 
69.249481 -51.752205 3.889969 
52.940910 1.549828 69.338318 
-84.291878 -15.317921 42.640991 
-122.946999 -0.381481 65.635330 
-176.594437 0.229048 116.024689 
25.368216 -50.168182 21.888657 
-79.219109 -28.627472 74.689194 
-8.311668 -22.941080 -11.156403 
-149.173996 2.249277 87.633362 
-163.757782 18.624189 95.044220 
-18.946733 -25.979908 -3.365646 
-121.167313 23.657337 59.934067 
-18.904655 -25.167177 82.870255 
-123.573288 6.126455 62.406982 
-51.557457 -10.831730 109.463303 
-85.953384 19.007305 29.346146 
28.763548 -7.150290 79.677795 
39.978966 -28.029984 50.381729 
34.622520 -45.848701 35.274002 
85.778290 -16.882021 51.262451 
-172.177567 14.859514 102.017426 
174.717255 -65.511627 -8.802536 
-31.653566 -37.875824 62.747208 
105.047401 -34.304268 -43.561386 
82.722519 -52.555183 24.189377 
83.791161 2.578194 55.897995 
10.840223 -39.381470 53.764297 
-58.443588 -30.586443 76.184555 
111.433517 -15.504700 -65.600113 
34.575500 -38.185814 -13.055435 
186.478195 -40.390022 26.197678 
-85.148140 -22.390388 94.138763 
133.440430 -4.107706 44.386032 
106.398239 -13.350559 -64.137436 
143.111374 -53.097649 25.940231 
-153.638458 25.659899 87.942520 
-105.683289 5.012760 45.959122 
124.887329 -35.309456 -51.291855 
-37.306053 -22.431520 6.534775 
-105.765869 -21.410862 87.172684 
-129.251038 -9.642588 81.388397 
100.928627 -42.610146 -25.825897 
4.520626 -9.938298 -22.615555 
114.030075 -2.090418 47.826218 
-64.140549 -3.557938 119.161118 
-134.887375 -12.651262 95.729218 
-157.032120 9.889318 90.435211 
31.337664 -45.300301 -1.323868 
-10.253751 -47.951187 19.843384 
-56.963448 -19.977831 98.729416 
140.457275 -7.306189 42.453659 
-169.586655 26.528406 101.231888 
-99.132202 12.054081 39.269333 
100.979782 -30.432621 44.376373 
-106.224533 -18.829069 102.192719 
-44.110901 -30.789537 20.815781 
110.831070 -49.915283 -16.935074 
129.389603 -57.880959 -10.677994 
-159.931717 22.870100 92.836441 
7.822203 -32.604225 62.957016 
-53.586685 -28.726580 28.453186 
-34.687912 -41.864761 35.506378 
16.599379 9.365448 -28.585693 
41.829750 -22.465448 -28.691803 
179.009689 -51.892738 20.136520 
-79.181168 7.385006 24.397232 
-8.712679 -46.964745 14.233109 
14.436064 -4.948855 87.149323 
-16.842323 -9.015387 98.223526 
-101.636345 -21.048849 96.334167 
-117.150131 12.566351 54.770081 
-112.256935 -8.330048 128.539291 
58.122871 -40.517769 -14.540604 
-8.904322 -28.065628 74.984879 
145.424545 -19.883436 40.529190 
132.146149 -60.024185 -6.355270 
-99.036659 -23.364424 82.642044 
31.533514 -50.206322 23.275009 
-116.616096 -18.504719 93.814835 
155.513138 -48.289139 27.290527 
41.838173 -7.845533 -34.731659 
-87.439713 -19.746918 100.068710 
135.156158 -54.024574 -19.712479 
-170.079285 -7.028360 138.249252 
181.633041 -26.601782 30.527267 
123.449127 -45.606972 -28.959961 
-138.485794 3.927139 77.462463 
-46.597786 -9.744324 108.735001 
71.933334 -39.647652 36.490677 
-116.297142 -3.467943 61.195358 
-49.216118 -24.742086 89.248566 
-150.748001 -0.475443 156.159714 
-71.262253 -24.068253 39.822174 
133.184296 -32.432747 40.119965 
10.127131 -34.954903 59.056381 
181.417053 -18.599276 31.437302 
79.384483 7.976418 -50.357773 
-139.675369 4.651560 157.516525 
-72.391914 1.450205 20.532867 
113.692062 -24.116722 -61.500137 
-12.504114 -3.642853 99.294296 
-128.050400 13.015928 64.913254 
6.397591 -7.750058 89.579514 
-111.875610 3.994448 51.988266 
0.648426 -47.436974 41.013809 
-107.613564 -17.348452 107.157608 
28.523947 -37.778252 48.687485 
132.860840 -14.704828 43.553604 
-75.427521 -29.196310 57.094864 
-47.800079 -27.073027 84.699387 
-62.988365 -31.448790 45.180435 
2.923018 -34.345505 63.128555 
-127.672600 21.378340 65.121414 
158.587753 -23.948030 36.713547 
-140.737823 13.679010 76.619431 
102.998154 -47.681114 33.276703 
153.639221 -59.837646 -17.488785 
39.302147 -17.639692 64.220749 
94.484673 -30.696432 -44.189163 
-112.384071 12.564802 50.384949 
-60.344467 -31.850847 71.323227 
143.124649 -59.953087 -12.592667 
62.986542 -50.884460 21.695938 
165.918106 -53.427162 20.803970 
154.649246 -60.784424 12.609940 
-130.793320 -2.719841 144.297165 
-14.239975 -29.542715 74.875473 
105.085663 -56.135788 21.217392 
53.915520 -43.739594 33.990829 
171.680344 -34.689468 30.726471 
137.116043 -51.692490 28.556320 
-163.157928 -6.360952 147.743881 
-102.034874 23.491911 43.060211 
-49.873840 -34.602203 35.400162 
127.245697 -48.732552 32.331635 
138.789902 -44.251106 33.655441 
71.500015 -3.479092 59.318924 
149.193573 -63.885406 -2.669113 
116.768600 -39.032379 -39.923141 
75.966370 -47.319786 -9.200348 
-107.037926 -21.057791 92.346329 
129.257523 -57.951614 20.705887 
126.954422 -33.297997 -55.902802 
107.264389 -58.682137 9.314774 
-26.146837 -12.715847 -8.007217 
165.123276 -42.499222 28.590408 
118.288895 -36.648048 -45.648636 
-50.791710 -27.212320 23.741776 
115.450661 -51.952568 29.344223 
78.717346 -42.424545 35.019760 
-41.731873 -3.095792 -1.612503 
78.176933 -15.542641 53.458054 
-53.653587 -33.840843 67.903030 
-121.175896 -7.021835 69.665939 
84.499123 -24.595108 -45.937057 
47.925232 -6.671318 69.310486 
37.496590 -3.222505 -33.939804 
116.839615 -20.914125 -65.210739 
-155.138016 18.350298 88.312012 
123.376442 -27.696388 -61.844818 
-58.862274 -9.622520 112.821838 
36.360649 -47.710785 30.315414 
8.562716 -43.048798 48.984879 
149.822083 -4.748087 40.632278 
163.022278 -47.334824 26.242691 
38.614998 4.471801 -34.447372 
-81.193192 -25.686346 84.978104 
153.019699 -52.488113 -28.931717 
-66.133186 -32.489147 56.089691 
132.310944 -54.751640 25.630203 
-47.913055 -37.564644 54.164108 
-136.607910 -9.120375 132.086197 
16.310438 -44.242401 -1.458481 
68.949112 -25.333208 -37.690262 
-116.726402 -10.870556 124.169968 
162.445755 -60.848694 11.392715 
108.528732 -19.324072 -62.347763 
-158.791412 -8.976732 136.135147 
58.188744 -34.723213 -22.690842 
-145.082855 -10.719154 102.774994 
74.154221 -35.512604 39.917831 
46.259247 -20.716146 57.479538 
-83.622208 -27.717070 67.410217 
-30.652002 -7.400758 -7.439957 
53.632538 -11.935543 63.132202 
134.201004 -48.717522 -27.377319 
-125.418327 -3.125305 141.572372 
-159.285416 -7.083565 111.462326 
-46.631104 10.605970 -0.624130 
-42.302498 -17.139414 100.190811 
-72.238174 -27.028906 45.894775 
14.078163 -51.110176 19.021622 
179.873688 -57.242935 14.792709 
128.160309 -42.729652 -37.256744 
180.656357 -35.191124 28.834442 
87.452850 -36.361435 -31.226395 
76.592270 -4.649242 -49.866577 
-64.961601 -15.928351 25.633896 
-33.902031 -37.532799 20.853668 
-19.233955 12.430734 -14.378403 
22.771255 -41.292061 47.596481 
-11.386397 -48.564201 25.557297 
19.053415 -49.501923 11.124283 
100.372650 -57.426353 14.082031 
33.083199 -50.274742 17.130142 
-129.936310 -12.223061 87.777695 
-78.781151 18.327595 24.690125 
-130.442383 -15.768402 102.918732 
31.333151 6.603964 81.196579 
-92.461388 -9.691696 44.449234 
-148.420227 4.940096 163.162338 
126.014114 -40.261971 37.808289 
134.671539 -29.259893 -65.388733 
155.227829 -56.174034 -24.679306 
50.697983 -40.538879 37.443497 
171.043137 -41.645958 27.973648 
-123.741753 -9.552553 128.670883 
88.611084 -42.891708 -20.411179 
114.368027 -46.805969 34.232132 
19.785536 -42.250229 -4.834213 
-121.048653 -17.024282 101.978516 
-101.322289 1.974184 43.642548 
114.254440 0.201757 -68.723099 
33.463600 5.256426 -33.176270 
5.662749 -50.506859 29.471878 
-90.980354 -14.347331 47.403183 
-100.286316 -18.504890 103.522568 
173.901108 -59.699974 12.016998 
-104.889343 -15.405705 111.606033 
-52.400658 -22.820227 92.996124 
-51.129517 -7.312685 7.212921 
73.949814 6.856407 -48.079651 
-59.793457 -28.233725 81.258591 
-138.981903 -11.240633 126.046677 
184.527832 -60.765244 9.094101 
76.247040 -46.586571 31.220627 
-27.123249 8.830429 -11.462463 
-43.143272 -30.981504 76.679657 
55.613121 -31.425734 43.446945 
167.394272 -37.699425 30.586105 
-88.552963 -1.077749 129.113449 
55.028770 -47.605934 28.268265 
106.862999 -32.202744 -48.151749 
107.486237 -37.326714 -39.041183 
-0.303246 0.057184 95.426010 
-169.070618 -6.973738 127.816086 
22.124182 -5.730334 83.558243 
48.655746 -47.925430 2.453262 
-115.448532 -11.982094 70.125824 
-11.806211 -42.681229 53.569168 
30.132250 -15.576653 -28.977463 
121.940102 -39.908318 -40.391357 
-89.410385 7.242575 32.243179 
159.444000 -60.867134 -18.151703 
54.574654 -15.579713 -37.049393 
-82.812920 -8.659762 35.381821 
63.091011 -7.310131 61.711624 
-81.322769 -18.233131 103.450821 
107.015320 1.241879 -65.383286 
-179.018295 6.655554 111.024994 
99.733887 -14.365549 -60.468735 
-7.145817 -49.203148 32.729126 
33.829590 -11.583277 -31.709473 
81.881523 -2.094728 -52.623688 
-86.485443 -22.794243 54.708679 
-52.638695 -22.754747 20.658691 
-64.987846 -12.748995 111.285233 
75.034012 -53.026604 5.150711 
-54.724113 -16.702490 103.799652 
-137.421982 9.114368 74.514191 
-39.901413 -24.602121 10.688293 
92.496101 6.375570 -57.966049 
33.462494 -6.009405 77.842850 
-144.581757 -7.082457 139.654587 
82.176834 -34.644112 -31.792892 
-47.782661 -33.909576 69.420654 
-44.349434 16.191847 -0.689453 
45.930908 4.237381 -37.168518 
-11.453841 -12.490749 93.818802 
97.127312 -39.155014 -30.388840 
111.163879 -9.728733 47.858276 
-35.610001 -15.380998 0.102173 
-137.464111 17.742014 74.047607 
-28.138813 -43.279411 46.344009 
73.595886 -50.012459 26.412872 
34.069977 -28.791983 -21.991241 
92.423836 -14.352886 -56.726456 
130.644058 -61.333534 -0.864914 
7.421905 -48.445160 8.647614 
-31.969164 -40.644058 54.272690 
17.958944 -38.353416 -9.424896 
-115.433395 -5.988264 133.754623 
83.530098 -36.885048 39.856461 
75.541443 -22.436304 -43.252762 
-78.079239 -19.974367 99.197647 
-50.177269 -28.906504 80.557083 
-145.564499 -6.594545 93.925858 
50.287422 -32.158585 43.516190 
-8.066305 -32.329937 69.053558 
106.097595 -57.847893 15.354477 
58.048561 -8.502666 -40.615799 
46.788681 -7.000628 -36.300934 
95.082016 -54.591179 -2.447113 
152.504974 -52.867920 24.478256 
-129.661697 -0.335306 71.977859 
-30.241238 -23.341024 88.752518 
138.960632 -24.195696 41.171066 
91.643517 -5.828577 -58.244232 
0.910571 -13.905734 -19.742081 
-106.804962 -11.832967 60.295410 
157.311508 -57.814186 17.292282 
82.383492 -39.855560 -23.387894 
92.162743 -46.489838 -15.755417 
-132.952469 -4.807812 78.831940 
0.017159 7.479235 -22.561539 
-138.044495 0.279840 151.898056 
48.315521 -21.292646 -31.854080 
-110.158775 -16.197329 71.441223 
103.791351 -17.821396 48.008987 
-147.648148 -2.581060 90.307220 
-101.533363 -10.461240 53.719193 
69.573769 3.652079 -46.502701 
-181.527985 -0.324343 122.968460 
169.595474 -17.668318 34.414124 
-93.842041 -4.749598 41.891068 
30.812666 -31.936739 51.773743 
154.699219 -33.749611 34.984909 
123.021225 -58.726318 -5.183731 
-20.990166 -30.871378 1.612808 
30.863932 -13.296947 74.179642 
61.804214 -12.066249 -41.251083 
126.742767 -33.207718 40.730423 
-67.138603 -18.250971 29.605087 
93.780518 -44.108910 -20.401047 
121.063293 -43.144295 -32.980087 
-18.835556 -47.091537 30.377182 
83.552834 -4.190552 54.947128 
-11.066506 -38.446251 2.094543 
28.281828 -24.077841 -23.465683 
4.227827 7.862965 93.817337 
81.054306 -43.473488 -17.252869 
4.926996 -39.642838 -3.872116 
39.861244 -39.362305 -12.451126 
112.427673 -57.926712 18.543350 
-19.957413 -20.976088 88.830124 
41.658089 -13.763561 67.685989 
166.469940 -8.814169 36.284622 
96.578880 -5.022095 51.106201 
-184.507172 30.326677 112.256332 
113.226234 -54.877312 25.179321 
-4.370281 -46.829185 43.006485 
-18.783562 -12.842953 -11.912109 
-109.945023 -20.111818 83.048462 
27.422689 -19.186094 68.968552 
113.670609 -35.399498 41.411057 
120.219818 -60.458565 6.011536 
74.913872 -7.895876 56.826080 
116.603851 -30.267092 43.078857 
123.273491 -3.229250 46.280045 
-27.938887 -30.740545 76.674576 
58.750313 -11.841995 61.121918 
159.544952 -62.945915 5.974213 
-13.113068 -21.214945 -10.064377 
-98.182556 -10.202752 121.728378 
45.278969 -1.991473 72.335602 
105.441742 -48.663933 -17.093674 
170.435120 -56.821350 16.506943 
6.863788 -15.946750 -21.122665 
-44.186607 -35.639320 29.773010 
-93.340820 2.221064 133.126450 
-57.596474 -3.974713 10.675919 
20.222635 6.740506 87.161285 
109.757118 -40.114944 -34.398941 
-101.579895 -19.830580 68.267593 
-107.179062 -10.437962 123.379990 
127.638763 -6.721001 45.214539 
147.940948 -56.471504 -20.944183 
-90.878593 -24.339180 87.301773 
-27.168270 -34.410980 70.270966 
73.635704 -9.876619 -47.648361 
132.672516 -59.545860 17.127899 
-152.942627 6.884497 168.174789 
163.387970 -57.425842 16.907120 
61.855202 -28.761805 45.935364 
-114.786209 0.945452 141.902634 
29.894247 -47.428955 4.227707 
-1.277293 -49.322403 34.079163 
-28.964323 -43.823013 37.193848 
98.361542 -38.083069 40.238510 
-92.511414 22.760159 34.865372 
-80.583603 -5.804155 31.464798 
70.013206 -24.054087 49.572632 
134.662552 -37.762032 -51.302200 
-153.713852 -5.004984 147.860764 
-86.789886 -17.265219 105.729080 
-119.125069 2.737354 59.618530 
-164.707092 -1.578569 106.569458 
-134.360794 -12.713736 120.186996 
-82.449715 -27.320997 61.680679 
-149.693405 11.266874 84.171463 
-121.252548 -12.326197 77.624802 
74.738075 -34.961105 -28.013824 
-112.038681 -19.826715 90.812256 
13.077118 -51.048843 25.016403 
-178.982376 -3.512442 129.296280 
173.069275 -21.762075 32.872864 
-0.619620 -39.715607 57.185959 
103.779915 -50.998581 -12.685486 
-76.810463 -24.884821 47.362747 
47.821503 -45.016167 -4.733353 
37.028450 -49.657318 23.801651 
17.335415 -14.793009 -25.435608 
-4.662464 -22.732513 80.332199 
-99.123062 20.271805 40.074692 
-81.407135 -1.139572 29.548157 
-65.704613 -28.558073 41.120850 
1.283843 -43.443901 50.295227 
80.429123 -37.010765 -27.236404 
-164.939209 26.328466 96.904678 
81.732536 -54.988480 15.959229 
-160.271011 -7.927385 141.774704 
3.097256 -21.607368 78.428467 
85.556023 6.671265 -53.755890 
-186.584549 15.493269 114.122009 
-55.989365 -2.439532 116.842178 
-3.679616 -38.144905 -1.893326 
-60.536270 -34.273361 57.437607 
140.805588 -57.537674 -16.475693 
13.841764 -22.194361 71.694321 
-183.719452 23.843935 112.758850 
-114.082626 -15.432762 75.231064 
89.636765 -19.466736 -52.996201 
20.495003 6.309407 -30.111343 
21.145700 -28.089140 -18.763214 
99.833015 -32.563118 -43.817490 
-154.946121 -9.928394 115.986267 
-138.463943 -7.553160 136.666306 
158.067230 -38.059258 32.417374 
-32.415535 -22.948898 3.564056 
22.205784 -46.338982 39.267303 
139.821487 -60.695206 13.786774 
-28.004354 -30.404282 6.289062 
-3.344854 4.504703 97.300613 
-48.098366 -31.681391 26.873459 
-0.102004 -5.436960 -22.085159 
-23.906900 -45.428276 38.653305 
3.090528 -22.566921 -15.918839 
-99.936272 -22.141275 73.087296 
108.652039 -47.492516 33.814453 
-20.351051 -21.370302 -5.973785 
-104.532440 -21.485682 81.055206 
17.808475 -31.261791 -15.370071 
-174.602905 23.435575 105.119461 
-133.805450 -8.885851 85.281219 
-101.930557 -4.255178 131.466415 
-132.881302 -0.339365 148.893295 
-41.447708 -34.898155 24.710892 
-108.851616 16.659580 47.926865 
-27.828568 -43.752647 31.149612 
-1.013983 -19.458204 -16.176910 
72.212997 -53.072937 17.150574 
95.730141 -10.396015 -59.542374 
-127.390671 7.954580 65.635468 
-0.400150 -25.263887 -12.850204 
40.738037 -35.356354 44.233902 
69.607285 -9.207649 58.521378 
-168.499176 -2.650957 112.658676 
45.640442 -34.388000 43.160049 
150.641129 -62.883591 -8.338242 
64.441895 -48.516434 27.331268 
-112.008720 -13.886868 116.045319 
101.527748 -57.821114 8.145096 
55.704964 -47.229347 -1.861526 
-40.737816 -39.562798 49.561554 
123.460327 -58.216713 20.062332 
-25.064367 -22.188776 88.981125 
26.626614 -29.706217 -19.157898 
-156.202133 -1.800524 156.200912 
72.503899 3.896885 60.392197 
80.720558 -9.579157 -51.631927 
48.074486 -44.721458 33.416794 
-127.346870 -15.798285 96.305466 
94.461761 -51.297157 28.053635 
-55.485435 -24.375311 25.079544 
115.177231 -41.402496 -34.292709 
146.128754 -59.685699 16.128769 
186.240753 -46.613274 22.965393 
-85.856888 -10.315841 39.315109 
168.164886 -46.728325 25.524124 
-8.363824 -48.062119 38.479492 
-124.823967 17.156584 62.059479 
-52.842789 -36.148224 52.320541 
27.430887 -45.636375 39.388748 
96.942764 -19.059439 -56.834259 
-176.788223 -2.807547 123.042130 
68.169647 -52.362556 9.812378 
145.902237 -11.627897 41.003311 
-54.460632 -31.845688 34.691147 
116.838562 -22.887774 45.439438 
25.092495 -39.426628 -9.767410 
-118.704285 -15.768574 81.638580 
129.379501 -28.003603 42.201767 
-2.890425 -31.145428 68.796997 
61.063522 7.781864 66.112885 
-13.988270 -47.744400 37.095612 
-131.903168 -5.730320 139.053635 
110.458061 -31.168152 43.422897 
82.590118 -28.576283 45.705551 
90.831100 -50.144501 -9.290268 
54.336143 -49.025101 3.632797 
131.553375 -55.809898 -15.441055 
10.386829 -41.572334 -3.695145 
43.608315 -13.089536 -33.835251 
79.462006 -50.816986 -4.072342 
40.132271 8.619892 76.988785 
-42.190926 -12.719766 104.670837 
-79.709045 -0.038204 126.507767 
61.511917 -1.402932 64.687424 
-13.489365 -33.735321 68.870743 
-33.893967 -31.601215 75.626236 
42.284554 2.362551 75.089401 
39.298737 -16.980803 -30.966553 
-112.394173 -10.600233 65.146408 
23.604158 -31.451042 56.306473 
-74.712845 -14.971081 33.254974 
-95.510674 -15.351341 110.557663 
13.246876 7.215639 90.019775 
-10.005007 -17.655619 -13.487076 
95.142075 -33.983315 42.505493 
-82.476860 11.337336 26.639832 
-0.945614 -50.350586 18.871262 
25.948597 5.927087 -31.366058 
0.308599 -49.015915 13.059464 
-67.009186 -19.478039 100.427109 
-37.348907 -21.891207 92.729416 
-159.767624 6.201063 94.160889 
-103.415802 0.611103 136.595047 
88.010147 -8.254984 52.668716 
129.369354 -61.915154 5.194595 
97.556053 -29.203770 -48.081680 
-4.116943 10.825669 -20.885208 
-73.138107 -4.519220 121.543777 
-158.731750 0.188478 161.425949 
-154.266357 -6.507526 103.679794 
11.720798 -21.381651 -19.925064 
-154.620758 -7.232954 142.969711 
-92.089378 -18.234449 53.463135 
42.529366 -30.797424 46.636749 
69.786507 -46.324532 -8.681381 
-76.165855 -10.861587 116.334824 
-14.537184 -28.791010 -3.969391 
82.523117 -19.809839 -48.995956 
171.885880 -12.978601 34.058472 
4.582192 -27.217176 -13.419327 
30.054846 -49.510254 28.403625 
98.999664 -56.138535 19.943008 
38.072853 -48.651260 7.373291 
-13.352735 -21.672338 84.925034 
119.883163 -34.780800 41.012726 
26.873993 -49.886612 15.660309 
26.818712 -19.485474 -25.756607 
34.287384 -49.568565 11.338867 
58.917946 -35.362297 39.976624 
144.512665 -57.169060 20.529343 
106.784668 -43.754707 -25.976486 
-55.989113 13.987505 6.534348 
88.045929 -10.427118 -55.652023 
97.816635 -47.669350 -15.924881 
3.275465 -4.334980 92.544800 
80.947418 -54.750847 6.559875 
126.609558 -15.145182 44.805756 
-45.008308 -38.233643 42.494064 
19.222733 -36.182343 54.417969 
-92.614395 15.971275 34.200470 
149.319687 -49.850739 27.611588 
-30.321093 -8.516355 103.862457 
104.704857 -28.909805 -51.854843 
-16.198486 -14.882178 93.702942 
-158.869385 -4.450037 151.349594 
-61.322556 -0.818427 12.557129 
89.794159 -39.232277 -27.255905 
-51.774132 -19.515676 99.096878 
43.268318 -39.182571 40.438446 
-86.710571 -6.758107 123.716049 
53.775101 8.188378 69.566299 
-108.246773 -7.185160 56.617874 
-96.593475 -12.472690 116.952087 
146.745270 -62.126770 9.201736 
99.544777 4.992271 -61.492264 
126.465439 -15.460775 -72.201889 
115.594490 -28.038044 -58.335876 
97.159119 1.834127 51.504700 
124.441391 -20.453825 -68.586945 
94.768272 -35.797768 -35.692429 
-89.940506 -14.638023 111.451935 
-34.668030 -3.508041 -6.181152 
7.772067 -0.181571 91.386978 
82.695175 -47.018715 -11.710251 
29.955488 -41.739693 43.335037 
130.797638 -19.461353 43.323807 
5.015825 9.871673 -24.230545 
156.126358 -17.183821 38.193161 
11.639441 -26.124435 68.178238 
23.238922 -2.089583 -31.091553 
135.312210 -42.020317 -41.933853 
-47.947662 -18.706308 12.694641 
104.570168 -21.732456 -58.806870 
-80.125069 -13.787931 111.966324 
-73.087273 3.925476 125.709610 
-65.806976 -31.373774 70.062210 
-57.841415 -14.318104 107.550201 
-52.296883 1.499727 4.687576 
23.789782 -12.364002 78.419754 
27.708082 2.939745 83.228531 
41.421211 -20.219507 60.032394 
-182.119675 5.268805 115.055069 
-47.573616 -5.686923 3.519608 
28.831751 -7.073608 -31.727036 
122.092422 -54.135597 26.867813 
-26.632826 -10.806822 100.950043 
-22.825260 -4.976743 102.569687 
74.271225 -53.783096 10.844376 
124.157410 -44.662003 35.468613 
-21.295591 -16.107523 94.496155 
25.031862 -13.939003 -28.332382 
-46.548294 -21.965071 94.124893 
4.138219 -12.825711 86.942703 
164.626022 -64.983124 -3.861267 
52.348213 -31.053629 -25.003891 
58.515945 2.289980 66.928452 
8.011269 -5.799560 -24.955887 
121.014145 -30.280394 -57.718063 
29.180582 -47.307518 34.733276 
77.498413 -13.864220 -48.840897 
115.989349 -46.222000 -24.992325 
0.007578 -50.607452 27.921783 
-104.845886 -8.073544 127.260635 
86.715073 -56.333130 8.357819 
164.167358 -29.974058 33.843292 
-39.960838 -25.124651 87.897003 
15.033251 -45.186676 43.464600 
-42.149246 -38.500992 55.430557 
50.943703 -4.129054 -38.064911 
60.842781 -43.829933 -9.895294 
101.749504 -41.981903 37.646271 
113.753250 -30.578058 -54.257858 
113.582375 -43.491776 -28.953400 
-137.985672 -9.729145 91.346573 
48.779701 -27.130198 48.542252 
114.971985 -11.667305 -68.669144 
-21.504736 -42.660553 17.238602 
136.590118 -36.648430 37.910080 
28.826826 -34.234032 -16.102432 
-74.939507 -1.839441 24.371857 
-22.527836 -30.123976 76.712494 
-51.795586 -36.363358 47.098709 
-46.925735 -11.460675 6.195023 
67.458168 -35.992798 -23.877518 
36.613274 -21.819338 60.294998 
140.690338 -37.500549 -54.772186 
-33.155380 -41.453506 29.940781 
32.909721 -27.681879 54.878937 
-113.104500 -17.266657 106.755783 
1.940628 -47.316666 7.683182 
74.770279 -29.323589 -35.832870 
22.628933 -20.997730 69.366959 
33.594032 -15.373924 70.323181 
-62.305519 14.371050 11.331650 
184.444626 -51.389832 20.000961 
-8.089714 -4.929514 -19.548615 
178.369995 -43.222298 25.925598 
2.972464 -27.740068 70.738358 
28.679884 -49.296089 9.902435 
84.243210 -42.225708 35.634140 
69.535774 -33.517937 -27.952393 
115.689499 -58.492882 -1.020950 
-11.674014 11.664489 -17.954559 
-46.544991 -23.730974 15.735580 
-34.306694 15.710760 -7.042374 
153.393250 -8.344042 39.564194 
33.303482 -34.861580 48.168152 
-100.666710 -3.891796 46.580093 
-37.302505 -37.558594 62.003723 
46.677635 -49.199394 7.061111 
7.058661 -43.581985 -0.170929 
178.268631 -5.907846 33.666977 
-146.045990 -11.979095 113.158310 
-3.930034 -9.187319 -19.768661 
-110.062653 -5.209572 133.634689 
133.464554 -41.783470 35.974289 
54.428596 -26.345247 48.693909 
165.489761 -2.377184 38.415726 
97.948608 -53.795547 24.784241 
-18.175514 -0.245110 102.561508 
-170.367020 -6.941359 143.628036 
-158.232132 2.759153 166.949814 
-66.458138 -8.270385 116.399551 
-156.464554 -2.887045 100.098450 
19.980988 -24.831251 65.615952 
-156.504776 -9.964994 121.724411 
-95.942856 7.566862 37.326263 
-41.363792 -28.873934 16.190720 
141.290512 -61.591553 -7.308594 
95.455956 -13.381735 50.216675 
-61.728210 -22.538073 93.932556 
11.429605 -46.921745 4.115646 
-77.980537 -29.482672 68.819153 
95.647308 -1.715622 -60.508682 
55.029465 -36.937340 -19.012238 
-79.349365 -24.146339 89.854111 
-99.119156 -6.489740 127.768967 
175.019318 -62.586235 6.212891 
57.874527 -0.031202 -41.416321 
141.644470 -36.406639 37.150253 
-106.127075 -15.720792 65.471634 
-39.836128 -7.540906 107.783554 
98.894783 -24.482779 -54.022537 
-68.695755 -27.545900 81.917862 
-73.871780 -14.854883 109.908035 
60.360687 -15.632370 57.988998 
94.557503 -21.292610 48.507126 
-77.942795 -16.560287 37.652863 
57.635864 -51.006615 16.520996 
165.198380 -21.385450 35.059875 
-147.364731 24.801546 82.561966 
140.110748 -15.900347 41.670547 
103.123283 -45.362366 -21.773392 
-5.229508 -4.410712 95.827377 
155.037201 -64.345032 -0.625702 
-31.065023 -40.992912 25.122986 
-10.349823 -23.961893 80.892578 
65.149124 -48.316322 -3.039413 
-72.767242 11.007717 19.316605 
-12.613943 -42.130859 7.649643 
39.701759 -32.662994 -20.146866 
-40.514534 -38.830139 34.321701 
-61.681671 -33.677116 63.283188 
77.635582 -27.286839 -39.759094 
16.084381 2.356279 -28.744995 
-81.614098 -11.409881 116.427841 
166.786713 -64.240692 1.623459 
-169.952454 3.313688 105.893631 
0.475620 -25.464882 74.558914 
5.714427 -45.402687 44.780930 
172.378067 -65.118980 -13.424149 
-119.094803 -12.758490 119.909531 
135.185501 -57.200172 21.683151 
-143.333374 -12.119511 121.035385 
-57.314125 -19.960489 22.029007 
-164.349854 -7.290079 119.753708 
120.849678 -19.116428 45.141052 
-91.790527 -16.900948 106.977524 
-48.921532 5.705341 1.489212 
145.964905 -33.223511 37.205154 
23.956621 -48.203918 34.050659 
117.691887 -6.522501 -70.872574 
76.307076 0.613127 58.329056 
113.143036 -59.252625 10.694794 
-115.329994 21.135881 53.866928 
-38.857063 -38.007957 28.520020 
-144.368835 2.754522 158.079086 
71.434258 -41.131935 -17.676804 
-25.998972 -41.103394 55.527771 
53.938927 -19.903624 56.268997 
-167.063354 10.284254 98.595078 
157.881973 -62.715462 -12.805222 
-4.298687 3.460078 -21.521286 
168.118042 -62.289024 -19.203720 
-156.569550 -9.705301 129.356125 
-70.757736 -12.851307 27.866669 
-40.502495 -28.502438 81.765671 
104.714951 -9.498690 49.009842 
20.291609 -18.808561 73.408066 
-27.189211 15.370253 -10.551361 
-34.720100 9.227129 -7.216843 
82.154388 -46.864609 31.380524 
1.937706 -16.891752 84.119064 
100.220818 -51.089424 29.092804 
73.321487 -0.845722 -48.470169 
-33.427406 -12.342919 -3.546021 
-69.180214 6.388502 16.949127 
-146.604660 5.267744 83.629089 
90.196815 -39.274208 38.581207 
17.199635 0.856660 87.795853 
-93.250046 -3.390612 129.034042 
-24.941656 -18.162691 -5.465942 
-178.927338 27.816870 109.625931 
65.749252 6.758702 -44.774429 
-176.547165 15.052019 105.979965 
-39.320908 -33.223679 19.606888 
21.446972 -48.099609 5.751419 
124.264297 -56.504616 -11.074966 
12.312532 6.808248 -27.587097 
-122.042290 -16.713785 92.545502 
-67.885818 -1.003769 121.898544 
7.489226 -15.334410 83.230789 
-73.479950 -29.320295 75.978561 
152.273560 -20.844442 38.547836 
-87.085533 -25.485235 83.618958 
-102.651810 7.919691 42.795853 
89.420700 -21.327398 49.155151 
52.978661 -50.237076 9.524292 
35.712265 -20.272650 -28.105118 
-76.069168 -9.996707 30.595154 
-42.078568 -33.744499 70.455811 
-24.102324 -26.187645 82.949173 
62.384369 -32.182434 -26.783081 
-66.372536 -10.869637 22.668793 
-148.460693 -5.526608 144.529800 
56.122406 -49.750389 22.569275 
121.752228 -47.893532 -24.073288 
-111.930634 -18.708376 100.827454 
-132.811249 13.115538 69.682449 
-142.452744 0.967176 82.522568 
-52.466103 10.094992 3.943069 
35.583656 -10.272062 74.020065 
89.615974 -56.055870 4.082657 
-96.650238 -15.531072 54.846298 
14.301739 -15.880318 79.507767 
92.336449 -0.485081 52.424194 
-101.944550 -16.387058 61.473801 
-163.239532 -3.965662 154.179489 
26.098791 -34.383224 52.518448 
50.087608 -26.670748 -28.371582 
159.208191 -29.958136 35.129196 
152.862610 -38.367615 33.579575 
-80.731522 -26.565207 56.164474 
-71.268768 -23.131380 92.789536 
-123.523727 -14.899344 113.473999 
92.204208 -26.718735 -48.094025 
-145.140244 -2.552038 149.412155 
35.014137 -43.614342 -5.140610 
-94.003517 0.416683 38.512527 
-15.328417 -46.054939 43.745865 
91.969833 -29.697886 45.039658 
-63.424034 -26.965670 36.144989 
80.207100 2.928282 -51.616104 
-14.330707 5.096901 101.652863 
117.944313 -14.597002 46.319809 
-5.331916 -42.503983 3.519333 
-21.009867 -32.683891 72.410004 
-153.278839 5.480787 89.119278 
-34.055511 -42.120743 45.197739 
61.223053 -45.919167 30.952820 
140.130417 -51.319679 -25.598221 
44.543999 -49.937584 19.894791 
6.075771 -50.260422 14.249466 
-16.410419 -37.277321 64.242371 
-142.495224 -5.310753 89.087723 
52.949745 -41.050316 -12.841476 
162.526367 -34.790115 32.747238 
11.608377 -50.035339 30.634476 
-173.987137 1.682646 111.515244 
49.140190 -48.026009 27.087555 
-67.591537 -32.186432 61.949234 
-5.985673 -40.290504 57.292023 
14.033428 -9.923348 84.680466 
100.310394 -37.823723 -34.591217 
168.835800 -25.834372 33.540833 
51.865623 -50.399658 15.438797 
34.817871 -40.134705 42.850266 
-25.628475 -38.092186 63.064880 
-126.628220 -7.905472 76.712418 
176.111832 -64.574707 0.528885 
130.953506 -21.790819 -70.690567 
48.931671 -33.569740 -21.489685 
25.198950 -16.909914 73.153473 
123.880356 -50.845955 -20.183685 
39.939041 -49.841431 12.988113 
141.070877 -62.333992 8.018295 
-36.206154 -39.200813 56.785675 
149.980240 -56.594688 20.633102 
150.843979 -49.551186 -32.616943 
-85.058929 -24.411243 88.501923 
-45.520233 1.101643 -0.239410 
-6.291361 11.264899 99.063522 
136.078064 -35.154243 -56.899429 
126.081863 -54.322990 -15.959824 
-88.946030 -10.250926 119.922287 
-3.094683 -11.599045 91.099213 
82.236519 -53.397514 0.924652 
37.290710 -25.636702 -25.129868 
178.530426 -13.893427 32.508484 
144.720490 -40.987358 -48.699631 
34.367126 -19.533283 64.527817 
89.355095 -52.971542 -3.658081 
-122.591095 -16.566149 107.797134 
41.115036 -43.125572 37.207031 
-183.338486 11.064402 112.386765 
-56.545128 -32.961197 39.962662 
-158.876450 -4.430052 105.082260 
-57.183815 -26.489214 85.640228 
127.370972 -49.039032 -24.287720 
105.109306 1.336140 49.727600 
29.117453 -42.875885 -5.576416 
115.118073 -54.895874 -10.139389 
-18.307056 -42.668365 53.460205 
-56.200172 5.760098 6.600449 
-50.784645 -20.223856 16.651093 
-169.203094 -5.274462 119.206589 
73.397453 -13.000128 55.714096 
-74.749344 -27.323114 81.335327 
125.906662 -23.387648 43.830627 
-22.956297 -44.076279 23.104553 
92.473572 -56.815742 9.388779 
181.346802 -63.883987 2.296249 
-45.839401 -36.561188 61.198730 
132.750809 -47.879158 32.397171 
-130.741974 -8.478384 132.901505 
-73.318375 -19.447165 36.179550 
-126.769882 -6.606054 135.909164 
160.038940 -51.874596 23.315430 
-26.514555 -40.496918 18.296005 
145.085480 -40.225304 34.683701 
167.188660 -64.178139 -13.785767 
12.016243 -1.792606 -27.137329 
-68.621735 -1.933398 18.972137 
-78.169518 -20.953671 42.527084 
-61.924080 -23.514179 29.954803 
88.716576 2.756071 -55.973373 
42.151886 -46.566902 31.487244 
146.521057 -45.696487 31.240723 
-87.209053 -5.539971 36.903961 
41.235130 -44.315849 -4.591202 
-58.671783 -15.028998 19.052719 
80.026802 -21.115026 50.434219 
37.687485 -1.597112 76.635010 
89.839447 -54.772598 20.881546 
-27.518166 -21.125530 -1.538528 
96.241089 -51.485321 -9.074051 
89.628647 -44.992874 34.492294 
-21.548985 -37.749695 8.722397 
107.966187 -55.694939 -5.647293 
118.963928 -53.202408 -14.634277 
42.864944 -46.941948 1.281311 
-38.266205 13.393377 -4.704178 
53.314583 -44.674454 -6.458237 
147.408981 -43.440437 -44.593613 
-164.617737 -7.921394 134.797287 
108.869408 -52.226410 -12.396988 
-37.718597 -7.055821 -2.957535 
-33.140968 -16.704489 98.043396 
46.520271 6.076054 72.946732 
-11.292080 9.072069 100.749619 
-121.950508 12.849833 59.513580 
-152.705627 1.336966 160.739731 
89.376190 -34.268280 -35.434235 
67.351807 -30.735678 44.150482 
67.979034 -42.844322 -14.013901 
-100.013969 -22.596024 88.301178 
-137.541031 -2.487114 146.924393 
106.276665 -50.793526 30.262314 
168.090317 -60.378159 11.515961 
107.475540 -22.337585 46.747696 
103.336288 -2.242929 -64.122772 
76.941238 -26.310114 47.584854 
133.867401 -44.181282 -36.181961 
-13.026522 -3.513519 -17.984344 
141.830322 -48.148682 -31.371597 
-52.400635 -15.696956 13.964172 
-60.471123 -17.662043 103.090424 
-59.629631 10.189447 8.764618 
139.192703 -45.191277 -35.960068 
136.618942 -62.345810 0.811417 
-128.866180 -15.597613 110.088699 
-135.636505 -14.459120 106.001144 
-8.576542 0.176985 98.529556 
159.388412 -43.391563 29.443680 
24.867971 -23.214653 65.241196 
-88.490341 -0.127033 34.513260 
52.977585 6.848210 -39.297882 
88.139046 -56.442078 14.721909 
175.713165 -48.372337 23.174149 
93.590492 -56.839249 15.943817 
-163.481842 2.017965 100.659897 
-150.420792 -10.065224 108.067703 
68.896935 -15.854418 55.421829 
121.276169 -59.938049 0.167343 
-94.799408 -22.285368 64.880539 
64.381195 -23.076021 -37.278198 
-137.737488 -3.917959 82.639816 
-9.833124 -7.962709 96.214661 
-9.519156 -46.191048 44.661285 
-91.884773 -25.158104 77.683258 
66.430092 -52.297516 15.756027 
57.449120 -28.298376 -29.546021 
89.519112 -33.933403 42.357071 
122.454010 -7.453514 -72.619690 
-3.468060 -37.302963 61.203156 
-27.656704 -19.766142 92.736618 
62.874367 -19.439974 54.300156 
45.699326 -41.666855 -10.174988 
29.058039 1.602031 -32.094131 
133.197464 -24.458109 42.294388 
165.220093 -59.687691 -23.282639 
-17.240723 -46.803734 24.139679 
-57.002136 -9.882885 13.866531 
-76.553528 -22.349802 94.446320 
109.869003 -26.262203 -57.335098 
-103.493881 -5.471859 50.628754 
-129.093918 3.122663 150.887222 
53.292046 -35.706161 40.509811 
-93.264664 -20.465538 98.846268 
141.037689 -43.703842 -40.861725 
52.819244 1.413293 -39.228928 
-23.516512 -33.379730 5.439896 
118.737282 -6.225477 46.785919 
-23.715101 -39.607750 13.564743 
-97.203957 -19.371208 61.368286 
-38.523880 1.183304 -4.854568 
184.674194 -31.857836 29.124100 
153.984421 -63.314018 4.735458 
-67.773781 -15.891193 107.122772 
-53.865372 -31.537771 74.016891 
147.684402 -24.531740 39.320145 
-40.111755 -40.115379 43.981613 
-48.343971 -14.736921 104.539871 
-160.184341 14.565218 92.441467 
10.694754 -47.697212 38.422104 
-10.596312 3.599096 -19.142044 
19.457384 -50.690193 20.224167 
-142.522858 -9.892727 130.617111 
-31.098452 -28.857393 80.401871 
-95.705284 -21.877033 94.597092 
4.654202 -49.072922 35.110580 
68.204025 1.013075 61.621353 
-118.999275 -4.983448 65.333405 
117.327278 -42.452744 37.381668 
57.023834 -22.556009 52.382339 
-5.151818 -43.772171 50.824356 
-19.952770 -4.355035 -14.372253 
-40.092056 -12.051184 1.324921 
-65.887939 17.058214 14.249680 
-5.743477 -50.066711 26.851807 
-91.848228 -7.993739 123.827927 
79.324203 -49.821503 27.749176 
-89.234985 -25.061022 65.233154 
-128.774384 -11.460308 124.112534 
-67.646591 -29.457151 77.178726 
161.429749 -17.126551 36.636093 
-32.653408 -34.663002 69.675751 
5.386981 -30.124172 66.873001 
110.953178 -43.162689 37.116409 
30.786963 -1.572813 80.903168 
110.907623 -6.895021 -67.223038 
-59.170540 -34.281128 51.669312 
146.196152 -58.763123 -16.764053 
170.766449 -4.887693 35.587875 
93.997894 -22.473206 -53.163773 
-31.208673 4.620392 -9.662323 
-24.030407 0.163607 -13.094162 
66.802116 -45.482094 31.520554 
-85.397408 -19.587904 48.585587 
65.644119 -9.010859 -43.851456 
121.367317 -23.393368 -65.163757 
4.070958 -1.370995 -24.127045 
7.562255 -51.336288 24.548645 
138.857697 -32.253632 39.164795 
-173.962997 6.346277 106.900864 
-107.906815 23.916037 48.033188 
160.946304 -54.552147 -29.237228 
-19.020267 -41.580353 12.386978 
-15.514851 8.071718 -16.306046 
-89.605919 12.329216 31.380508 
-6.647280 -14.353626 -16.771912 
56.349693 -39.784332 37.201630 
55.553276 -6.813433 65.174561 
142.530930 -63.059982 1.842941 
58.306160 6.839732 -41.327332 
22.147020 -45.267258 -0.293121 
-180.353699 14.816919 109.400314 
70.625389 -49.896339 -2.052933 
-141.606171 -10.381844 97.613754 
-117.841759 -14.367350 114.747452 
127.541962 -38.290291 -46.934296 
-23.589508 -7.193793 -11.822113 
15.546274 -48.326691 36.281555 
-85.602859 2.694532 30.935181 
-5.417008 -16.260597 87.770432 
21.434818 -8.116571 -29.764572 
-7.418668 -44.563087 8.252579 
-49.446060 -6.134855 112.263123 
99.360786 -6.296570 -62.048965 
-130.381165 4.704025 69.851700 
-153.799011 0.950365 92.935730 
13.369509 -49.162727 9.728210 
50.514893 -12.491268 -36.648163 
-72.223915 17.447763 19.370346 
-20.221960 4.290366 -14.955750 
-6.160492 -30.764692 -6.615005 
108.684998 -47.067963 -20.743469 
-16.391317 -44.287109 48.886200 
-109.144051 8.355070 48.143723 
-105.894348 12.477314 45.049011 
100.771454 -56.939819 0.910446 
-42.175400 9.467478 -2.892624 
7.874695 -24.218210 -16.693405 
119.467636 -15.753965 -69.040970 
119.668060 -33.918724 -51.396423 
-122.795708 -15.170919 85.603989 
73.146378 -38.685684 -22.044479 
-142.796188 5.748152 80.310776 
62.923485 -17.408808 -40.022171 
148.119110 -63.385506 3.226730 
19.586071 -23.345240 -21.216568 
-29.373671 -34.787117 12.108200 
-34.674801 -29.698702 11.292160 
15.102180 -33.705246 58.468857 
25.932053 -27.386702 59.271149 
-186.051880 4.360140 120.129135 
61.783272 -4.586655 -42.991501 
-147.884933 -10.351349 130.368576 
-58.045113 -33.813896 45.491074 
-0.625947 -35.422012 -5.423828 
69.219429 -4.752960 -46.330261 
-7.800572 -20.101915 84.529068 
-50.258965 -36.207146 41.561508 
137.028748 -58.882080 -12.279770 
118.886299 -59.747345 12.393295 
124.644730 -60.057953 13.611710 
-71.278984 -29.999096 53.647003 
-158.390182 1.249125 96.975082 
-151.846939 -3.897066 96.715042 
-40.239212 -19.820641 96.390167 
73.607178 -44.446289 -13.060287 
114.361710 -59.469551 4.742188 
-132.897476 -14.241386 114.536789 
64.431808 -24.672237 49.537552 
65.095833 -34.795227 40.482712 
135.232941 -62.282875 6.765060 
45.152153 -36.135254 -17.694412 
64.197189 -50.692909 3.459488 
46.092102 -50.023552 14.248932 
-15.352171 -40.393166 58.230270 
25.009457 -43.401184 43.420456 
128.388077 -29.623251 -61.637375 
64.893990 4.864110 63.511063 
-106.407722 -13.561177 116.607361 
-65.059418 -31.963974 50.276779 
151.637436 -44.884300 30.545959 
84.920120 -14.036057 -52.794876 
-38.939125 -17.124470 3.767807 
-16.574312 -45.206848 17.623550 
130.008179 -40.896606 -41.943146 
72.329514 -19.493330 52.433197 
-58.439400 -24.189924 90.368942 
156.634262 -64.067940 -7.290375 
37.773834 -25.750788 54.564224 
65.986992 -39.912155 -17.801086 
-46.233963 -38.125946 48.410553 
-68.327858 -22.400480 35.191605 
12.823313 -30.645769 62.636734 
-65.526199 2.221605 15.008682 
-11.023161 -26.801819 -7.162231 
160.972137 -64.442696 0.126755 
40.938408 -6.238597 73.535446 
-170.756332 8.501551 102.799255 
18.960962 -13.866858 79.243240 
29.694052 -21.499514 64.683899 
17.624540 -29.020632 61.960449 
136.970093 -32.698898 -61.438889 
151.115295 -29.204397 37.320465 
46.831558 -29.395569 -24.996933 
65.513428 -0.377914 -44.989563 
68.473129 -51.263916 22.992081 
-13.888172 -13.948143 -13.842941 
8.414370 2.911268 -26.303879 
123.243622 -10.579287 45.721954 
134.061798 -61.047523 12.342087 
-147.438980 -7.928988 99.004608 
38.995430 -50.113457 18.869705 
-45.666252 -16.247801 8.647446 
123.731766 -28.303989 42.882706 
-87.328728 -12.445623 115.523773 
151.662308 -59.127220 16.420395 
117.605865 -58.047020 19.435577 
-8.199049 -35.753967 -1.912933 
96.200050 -42.292915 37.055344 
110.460785 -57.620911 -1.353165 
92.727982 -32.969734 -39.469971 
30.686480 -25.423847 59.060989 
102.268845 -53.967590 -6.828537 
5.316258 -36.612259 59.230164 
43.362411 -48.688026 25.609955 
176.735703 -30.650194 30.686020 
66.418251 -27.689842 -33.705017 
145.936081 -53.468025 -24.632477 
-162.910156 -8.095655 128.823105 
-58.913551 -29.841724 36.096237 
15.806475 -26.138128 -18.202087 
50.630493 -49.651207 21.828720 
-124.711899 -13.030909 119.150375 
-120.085686 -1.795122 141.562943 
72.673569 -31.683880 -31.758057 
-130.650299 17.233429 67.392593 
-0.187819 -44.261986 3.776978 
-102.443970 16.331976 42.244568 
-12.850176 -48.420540 31.313004 
42.590416 -24.051069 54.026932 
-17.444206 -17.910278 -9.813873 
142.540131 -55.124489 -21.200790 
-121.891708 1.929390 146.191147 
