-26.295099 212.307007 -797.765015 
-26.248400 212.358994 -796.815979 
-26.592100 213.042999 -797.442017 
-25.984699 211.781006 -797.232971 
-27.350700 215.315002 -796.687012 
-27.355900 215.302994 -797.672974 
-27.103201 214.570999 -796.932007 
-11.908100 201.285004 -796.681030 
-11.958500 201.261993 -795.666016 
-12.584300 201.638000 -796.258972 
-11.289900 200.923996 -796.015991 
-19.000999 205.240005 -796.690979 
-18.999100 205.242004 -795.690979 
-19.667400 205.582993 -796.349976 
-18.332600 204.908005 -796.023010 
-20.983500 206.300995 -796.635010 
-20.976299 206.304001 -795.630005 
-21.608900 206.722000 -796.213013 
-21.626801 206.716995 -797.221985 
-20.331800 205.929001 -797.007996 
-20.324900 205.932007 -796.002991 
-22.200399 207.177994 -796.754028 
-22.187099 207.182007 -795.750977 
-22.732100 207.667007 -796.262024 
-22.752001 207.658997 -797.252014 
-23.247900 208.164001 -796.757019 
-23.238100 208.177002 -795.763977 
-23.730801 208.690002 -796.255005 
-23.747801 208.673004 -797.241028 
-24.206600 209.220993 -796.716003 
-24.176600 209.235001 -795.765991 
-24.550200 209.697998 -796.202026 
-24.732201 209.863998 -797.091003 
-25.176201 210.509003 -796.922974 
-25.382900 210.921005 -796.427002 
-25.587799 211.089996 -797.283997 
-24.975901 210.343002 -796.080994 
-25.375299 211.061005 -795.578979 
-25.797501 211.626007 -796.307007 
-26.194401 212.427002 -795.807983 
-26.563499 213.106995 -796.442993 
-26.860100 213.815002 -797.166016 
-26.846800 213.880997 -796.193970 
-27.092699 214.604996 -795.982971 
8.091830 196.403000 -794.864990 
8.258390 196.591003 -795.364014 
8.708890 196.533997 -794.830017 
-9.985750 200.244995 -795.692017 
-10.003900 200.242996 -794.695984 
-10.655500 200.582001 -795.354004 
-9.310320 199.914993 -796.028992 
-9.327710 199.910995 -795.030029 
-8.645750 199.582993 -795.372986 
-11.980300 201.248993 -794.679016 
-12.600200 201.595993 -795.299011 
-11.318000 200.916000 -795.018982 
-13.795800 202.306000 -795.771973 
-13.910000 202.304001 -794.669983 
-14.502700 202.705994 -795.289978 
-14.407100 202.705994 -796.153992 
-13.116700 201.912994 -795.825012 
-13.238100 201.936005 -794.992004 
-15.073300 203.113007 -796.021973 
-15.153700 203.119003 -794.872986 
-15.750700 203.522995 -795.468994 
-15.774700 203.548004 -796.466003 
-17.016500 204.231995 -795.702026 
-17.019400 204.233994 -794.703003 
-17.673599 204.574997 -795.357971 
-17.674000 204.570999 -796.354980 
-16.376200 203.889008 -796.057983 
-16.377199 203.886993 -795.059998 
-18.998800 205.242996 -794.690979 
-19.665199 205.585007 -795.348999 
-18.332500 204.908997 -795.025024 
-20.969801 206.307007 -794.630005 
-21.600700 206.723999 -795.210022 
-20.321600 205.934006 -795.000977 
-22.177299 207.186996 -794.747986 
-22.723600 207.675003 -795.260986 
-23.232100 208.197006 -794.755005 
-23.722799 208.716995 -795.263977 
-24.177500 209.302994 -794.794006 
-24.590500 209.835999 -795.364014 
-24.980301 210.494995 -795.002014 
-25.339001 211.147995 -794.593018 
-25.785801 211.828995 -795.065979 
-26.176901 212.552002 -794.947998 
-26.538401 213.231003 -795.364990 
-26.854300 214.007996 -795.388000 
-27.054701 214.587997 -795.039978 
1.071580 196.494003 -794.638000 
1.135570 196.292007 -793.710022 
0.496201 196.585007 -794.280029 
1.981960 196.251999 -794.580994 
2.079760 196.070999 -793.672974 
3.071200 196.093002 -794.810974 
2.894130 195.990005 -793.888977 
3.924740 195.925995 -793.992981 
7.082280 196.270004 -795.132019 
7.019620 196.052994 -794.072998 
6.027950 196.095993 -795.070007 
6.001170 195.964996 -794.054016 
8.023880 196.179001 -794.049988 
9.251010 196.563995 -794.530029 
8.971120 196.358994 -794.073975 
9.713410 196.490005 -793.986023 
14.037800 197.167999 -795.078979 
15.022200 197.104004 -794.103027 
13.986700 196.987000 -794.104980 
16.560200 197.537003 -794.643982 
17.261801 197.617004 -794.346985 
17.081800 197.427002 -793.862000 
16.080099 197.287003 -794.132019 
17.708000 197.570007 -793.807007 
-5.781680 198.330994 -794.719971 
-5.912580 198.311005 -793.737000 
-6.569440 198.613007 -794.388977 
-5.117980 198.061005 -794.015015 
18.027201 197.766006 -794.193970 
18.923201 198.182007 -795.176025 
19.962500 198.296005 -794.250000 
18.987801 198.003998 -794.192993 
20.777599 198.511002 -793.950012 
20.503099 198.557999 -794.687988 
-7.969970 199.246994 -794.718018 
-8.007160 199.240005 -793.705994 
-8.670290 199.578003 -794.367004 
-7.228710 198.929993 -795.085022 
-7.298320 198.919006 -794.047974 
21.295500 198.694000 -794.067993 
22.004400 198.966003 -795.138977 
22.986401 199.089996 -794.195007 
22.071501 198.880997 -794.114990 
-10.034800 200.244003 -793.705017 
-10.674700 200.580002 -794.359985 
-9.353450 199.908997 -794.033020 
-11.997300 201.244995 -793.692017 
-12.637600 201.589005 -794.338989 
-11.334900 200.912994 -794.026978 
-13.957900 202.300003 -793.646973 
-14.571400 202.703003 -794.258972 
-13.294600 201.934998 -794.007019 
-15.193900 203.117996 -793.833984 
-15.773500 203.520004 -794.435974 
-17.028799 204.233994 -793.703979 
-17.676300 204.576004 -794.359009 
-16.388399 203.886993 -794.054993 
-18.999701 205.244995 -793.692017 
-19.663900 205.587006 -794.348999 
-18.334600 204.910004 -794.026001 
-20.954300 206.317001 -793.632996 
-21.586700 206.729004 -794.210022 
-20.316601 205.938995 -794.000977 
-22.152399 207.192993 -793.742004 
-22.711500 207.686005 -794.250977 
-23.218399 208.229996 -793.718994 
-23.719700 208.770004 -794.236023 
-24.174801 209.399002 -793.781006 
-24.594000 209.947998 -794.369995 
-24.972000 210.604004 -794.026001 
-25.306700 211.203995 -793.692993 
-25.615400 211.675003 -794.159973 
-26.351500 212.996002 -794.489014 
-25.988300 212.356003 -794.094971 
-26.339800 213.112000 -793.677979 
0.243118 196.531006 -793.671021 
0.345047 196.337006 -792.807007 
-0.317108 196.621002 -793.294983 
1.198790 196.100006 -792.771973 
1.777660 196.026001 -793.085022 
2.632050 195.860001 -792.947998 
3.692210 195.800003 -793.138000 
4.973970 195.919998 -794.023010 
4.879470 195.789001 -793.034973 
5.977420 195.865005 -793.083008 
7.000200 195.932007 -793.075989 
8.005780 196.009003 -793.065979 
9.003630 196.119995 -793.073975 
10.454100 196.533997 -793.697021 
10.030100 196.285995 -793.125000 
11.186700 196.582993 -793.442017 
11.068800 196.388000 -792.895020 
11.712200 196.505997 -792.916992 
-2.649950 197.337006 -793.833008 
-3.030290 197.257996 -792.682983 
-3.609540 197.563995 -793.499023 
-3.322390 197.615997 -794.331970 
-1.792280 197.097000 -793.822021 
-2.080870 197.042999 -792.995972 
-1.213870 197.016006 -794.190979 
-1.131270 196.845001 -793.304016 
-0.351715 196.806000 -794.226990 
10.882200 196.733002 -794.221985 
11.836500 196.677002 -793.442017 
11.916900 196.832001 -794.195007 
12.951100 196.904999 -794.132996 
12.873400 196.742004 -793.206970 
13.925300 196.843994 -793.179016 
14.972400 196.934998 -793.114990 
16.006800 197.054993 -793.098999 
17.003300 197.210007 -793.067993 
18.264200 197.628006 -793.456970 
17.913300 197.421005 -793.078979 
18.631800 197.585007 -792.905029 
-5.970430 198.283005 -792.776001 
-6.636340 198.598999 -793.388977 
-5.343370 198.067001 -793.174011 
-4.167760 197.841003 -794.356018 
-4.532150 197.802994 -793.161011 
19.018900 197.800995 -793.229004 
19.969400 198.093002 -793.223022 
21.301901 198.591003 -793.426025 
20.771999 198.378006 -793.296997 
21.552401 198.541000 -792.685974 
-8.058750 199.229996 -792.695984 
-8.711330 199.574005 -793.369995 
-7.341060 198.908997 -793.041992 
22.092300 198.766998 -793.088989 
23.042299 198.998993 -793.148010 
23.809299 199.352997 -794.393982 
24.022301 199.285995 -793.267029 
24.635900 199.591003 -793.750000 
24.833599 199.552002 -792.982971 
-10.106400 200.251999 -792.734009 
-10.703500 200.582001 -793.375977 
-9.415160 199.908997 -793.033997 
25.365700 199.832001 -793.138000 
25.246700 199.938004 -794.075989 
25.855801 200.335007 -794.427002 
26.100300 200.266998 -793.330994 
26.591700 200.690002 -793.896973 
26.783501 200.669998 -793.158020 
-12.014600 201.244003 -792.702026 
-12.660400 201.585999 -793.351013 
-11.355800 200.912003 -793.043030 
27.206900 201.046997 -793.414978 
27.765100 201.343002 -792.676025 
27.742399 201.529007 -793.724976 
-13.978100 202.296005 -792.640991 
-14.603900 202.699997 -793.242981 
-13.319100 201.932007 -793.007019 
28.374800 201.888000 -793.036011 
28.943399 202.339005 -793.268982 
29.402399 202.686005 -793.463989 
29.569000 202.647003 -792.698975 
-15.220600 203.115005 -792.822998 
-15.795900 203.518997 -793.424011 
30.136400 203.108002 -793.244995 
-17.055201 204.237000 -792.710999 
-17.685301 204.576996 -793.362976 
-16.410801 203.886993 -793.054016 
31.853001 204.371994 -793.400024 
32.160500 204.682999 -793.617004 
32.429298 204.783005 -793.007019 
-19.002300 205.251999 -792.692017 
-19.662001 205.593994 -793.348022 
-18.341000 204.912994 -793.028992 
32.969101 205.537994 -793.973022 
33.209400 205.682007 -793.603027 
32.937401 205.339996 -793.335999 
33.486599 205.817001 -793.013977 
-20.922199 206.345993 -792.653992 
-21.548500 206.740005 -793.215027 
-20.307400 205.957993 -793.004028 
33.959599 206.630997 -794.111023 
34.284599 206.927994 -793.758972 
33.953800 206.436005 -793.400024 
34.437698 206.932007 -793.034973 
-22.084801 207.201004 -792.723999 
-22.677000 207.697998 -793.232971 
34.745201 207.546997 -793.825989 
34.910999 207.511993 -792.757019 
-23.163900 208.238007 -792.702026 
-23.719999 208.876007 -793.093018 
35.272701 208.186996 -793.395996 
-24.173599 209.513000 -792.932007 
-24.591200 210.087006 -793.291992 
36.195400 209.472000 -793.166016 
36.383598 209.891998 -793.651001 
36.547901 209.931000 -792.984009 
-24.991600 210.737000 -793.223022 
-25.270201 211.238998 -792.799011 
-25.639500 211.813995 -793.356995 
-25.989201 212.492996 -793.036011 
-26.331499 213.192001 -792.692017 
3.463620 195.626007 -792.336975 
3.292330 195.453995 -791.500977 
2.708040 195.675003 -792.101013 
4.402890 195.615005 -792.403015 
4.204620 195.412003 -791.650024 
5.204880 195.636002 -792.250977 
5.074310 195.464005 -791.702026 
5.701970 195.567001 -791.742004 
-0.030060 196.253998 -791.677002 
-0.601608 196.559006 -792.484985 
0.916718 196.046005 -791.968994 
1.866290 195.865005 -792.208984 
6.010500 195.727997 -792.146973 
7.004620 195.837006 -792.127014 
8.000170 195.908997 -792.090027 
8.999540 195.973007 -792.070007 
10.006800 196.057007 -792.070007 
11.023200 196.160004 -792.049988 
12.447800 196.544006 -792.669983 
12.044700 196.304001 -792.081970 
13.184200 196.589996 -792.429993 
13.067600 196.399002 -791.882996 
13.710200 196.518005 -791.908997 
-3.870770 197.518997 -792.676025 
-3.716610 197.337006 -791.784973 
-4.399430 197.641006 -792.250977 
-2.878590 197.080994 -791.783997 
-2.338200 196.990997 -792.179016 
-1.519490 196.772995 -792.163025 
13.840800 196.686996 -792.424011 
14.906600 196.768005 -792.148010 
15.976300 196.899994 -792.119995 
16.987801 197.031998 -792.101013 
17.943501 197.216003 -792.132019 
19.191900 197.658997 -792.455017 
18.714399 197.445999 -792.249023 
19.522200 197.591995 -791.692017 
-6.042510 198.259995 -791.786987 
-6.683070 198.585007 -792.401001 
-5.199010 197.936996 -792.219971 
20.014799 197.882996 -792.168030 
21.000601 198.253998 -792.258972 
21.800400 198.498001 -791.953003 
-8.157060 199.209000 -791.604004 
-8.796690 199.565994 -792.382996 
-7.382350 198.891998 -792.038025 
22.319901 198.692993 -792.065979 
23.090401 198.897995 -792.117004 
23.995501 199.139008 -792.195984 
25.315901 199.682999 -792.484985 
24.788900 199.419998 -792.315002 
25.528099 199.647995 -791.758972 
-10.246500 200.285995 -791.913025 
-10.752800 200.585007 -792.424011 
-9.555690 199.914993 -791.968018 
26.026501 200.018005 -792.270020 
27.189800 200.886993 -792.742981 
26.735901 200.501999 -792.492004 
27.370300 200.878998 -792.015015 
-12.045300 201.242996 -791.715027 
-12.677800 201.585007 -792.357971 
-11.385500 200.908005 -792.065002 
27.980400 201.313004 -791.684021 
-13.990900 202.291000 -791.640991 
-14.625000 202.694000 -792.236023 
-13.333800 201.929993 -792.010010 
28.453800 201.759995 -792.056030 
29.024000 202.216995 -792.338989 
29.696899 202.552002 -791.755005 
-15.261300 203.108002 -791.809021 
-15.831600 203.516998 -792.424011 
30.245501 202.968994 -792.104980 
30.861099 203.550003 -793.028992 
31.277300 203.750000 -792.559998 
30.820801 203.389008 -792.351990 
31.450800 203.731003 -791.804016 
-17.119600 204.246994 -791.737000 
-17.708300 204.580994 -792.375977 
-16.466499 203.889008 -792.052979 
31.330400 203.925995 -793.223999 
31.878700 204.192001 -792.439026 
32.597198 204.684998 -791.859985 
-19.006800 205.264999 -791.690002 
-19.661600 205.615005 -792.344971 
-18.353100 204.917007 -792.039001 
33.068600 205.240005 -792.388977 
33.651501 205.727997 -791.898987 
-20.891001 206.410004 -791.745972 
-21.463600 206.757996 -792.254028 
-20.304199 206.009003 -792.005005 
34.066399 206.326996 -792.461975 
34.578499 206.882004 -792.085022 
-21.921900 207.194000 -791.616028 
-22.607901 207.718002 -792.202026 
35.027500 207.445999 -791.843994 
-23.106100 208.278000 -791.723022 
-23.523800 208.718994 -792.190002 
35.358002 208.067993 -792.398010 
35.786900 208.835007 -792.995972 
35.785801 208.520996 -791.776001 
-24.382799 209.906006 -792.447998 
-23.966900 209.350998 -792.091003 
36.224098 209.296997 -792.374023 
36.727600 209.925995 -792.013000 
-24.378401 210.026001 -791.638977 
-24.804899 210.556000 -792.344971 
37.121201 210.574005 -792.231018 
36.957699 210.518005 -792.882996 
37.279701 211.029999 -792.757996 
37.421398 211.117004 -792.117981 
-25.226000 211.250000 -791.828003 
-25.629601 211.878998 -792.401001 
37.225899 211.210999 -793.531982 
37.577301 211.843002 -793.098999 
37.741199 211.904007 -792.062988 
-25.983900 212.550995 -792.041016 
37.893799 212.824005 -793.043030 
38.049999 212.804993 -791.969971 
38.256599 213.589996 -792.262024 
38.135399 213.751007 -793.059021 
38.329102 214.136002 -792.736023 
38.457199 214.089005 -792.090027 
38.290901 214.487000 -793.312012 
38.491299 214.882996 -792.968994 
38.679699 214.895996 -792.028015 
38.703300 215.835999 -792.973022 
38.843601 215.867996 -792.013000 
38.827702 216.815994 -792.969971 
38.921001 216.862000 -792.007019 
38.875999 217.798004 -792.955017 
38.944801 217.848999 -791.997009 
38.881302 218.746994 -792.918030 
38.940300 218.826004 -791.987976 
38.846699 219.690002 -792.919983 
38.921101 219.798996 -791.974976 
38.798801 220.658005 -792.885986 
38.898300 220.746002 -791.942017 
38.779999 221.462006 -792.718994 
38.858799 221.692993 -791.960999 
38.654701 222.427994 -793.010010 
38.818298 222.690002 -791.986023 
38.624802 223.514999 -792.890015 
38.799599 223.701996 -791.953003 
38.607399 224.528000 -792.820984 
38.786098 224.703003 -791.906006 
38.586102 225.546005 -792.729980 
38.766800 225.682999 -791.809021 
38.544102 226.636002 -792.523010 
38.748501 226.488998 -791.599976 
38.384800 227.556000 -792.703003 
38.343498 228.186005 -792.432007 
38.594799 227.529007 -791.715027 
38.238602 229.087997 -792.429016 
38.422100 228.496002 -791.809998 
3.074010 195.317001 -790.517029 
2.407840 195.597000 -791.367004 
4.098190 195.233002 -790.760010 
5.047040 195.259995 -790.880005 
6.281830 195.598007 -791.419006 
5.959980 195.408997 -790.987000 
6.701520 195.539001 -790.857971 
-0.866867 196.505997 -791.679016 
-0.718689 196.320999 -790.794983 
-1.397420 196.604004 -791.271973 
0.121078 196.078003 -790.781982 
0.662247 195.992004 -791.168030 
1.485630 195.783005 -791.125000 
7.041850 195.703995 -791.219971 
8.003170 195.820007 -791.163025 
8.989960 195.888000 -791.106018 
9.993700 195.940002 -791.072021 
11.002300 195.996994 -791.057983 
12.012500 196.074997 -791.057007 
13.023300 196.175995 -791.043030 
14.445300 196.565994 -791.650024 
14.030000 196.330994 -791.086975 
15.194600 196.628006 -791.356018 
15.002800 196.453003 -790.887024 
15.624800 196.578995 -790.830017 
-4.022130 197.279007 -790.645996 
-4.621430 197.610992 -791.424011 
-3.109500 197.041000 -790.971008 
-2.198460 196.832001 -791.278992 
15.981200 196.742996 -791.174011 
16.985600 196.893997 -791.125977 
17.987301 197.057007 -791.125977 
19.000200 197.311005 -791.200989 
19.836201 197.526001 -790.934998 
-6.201890 198.281006 -790.937012 
-6.732120 198.569000 -791.439026 
-5.471240 197.929001 -791.015015 
20.314800 197.753006 -791.124023 
21.042999 198.050003 -791.221008 
22.313900 198.587006 -791.429016 
21.795300 198.360992 -791.302979 
22.559500 198.535995 -790.693970 
-8.915450 199.554001 -791.570007 
-8.680360 199.365997 -790.692993 
-9.356670 199.729004 -791.106995 
-7.918430 199.048004 -790.684021 
-7.371920 198.843002 -791.060974 
23.094700 198.774002 -791.096985 
24.027201 199.024994 -791.164001 
24.973900 199.332001 -791.281006 
25.748800 199.613007 -791.033997 
-10.081800 200.119003 -790.992981 
-10.783500 200.557999 -791.481018 
26.224701 199.923996 -791.255981 
26.829500 200.382004 -791.556030 
27.609699 200.852997 -790.955994 
-12.113600 201.250000 -790.742981 
-12.704400 201.587006 -791.372986 
-11.444500 200.899994 -791.073975 
28.194700 201.330994 -790.971985 
28.484301 201.636002 -791.322021 
28.690599 201.630005 -790.590027 
-13.998000 202.276993 -790.648987 
-14.648100 202.681000 -791.223022 
-13.349600 201.927002 -791.023010 
29.163200 202.084000 -791.187988 
29.868700 202.518005 -790.997009 
-15.346100 203.098007 -790.708008 
-15.907000 203.513000 -791.432007 
30.333401 202.858994 -791.192993 
30.911900 203.281998 -791.427979 
31.600500 203.662994 -790.804016 
-17.242901 204.285004 -790.913025 
-17.746401 204.587006 -791.419983 
-16.591200 203.901001 -790.984009 
32.119499 204.162994 -791.302002 
32.770802 204.623993 -790.791992 
-19.008301 205.279999 -790.679016 
-19.669201 205.658997 -791.323975 
-18.362700 204.919006 -791.052979 
33.221699 205.158005 -791.312012 
33.788200 205.653000 -790.885986 
-21.324600 206.750000 -791.513000 
-20.955900 206.542999 -791.077026 
-20.365200 206.136993 -790.940979 
34.196899 206.251999 -791.458008 
34.750702 206.850006 -791.036011 
-21.940100 207.363007 -790.533020 
-22.548000 207.800003 -791.133972 
-21.387600 206.889999 -790.843994 
35.174999 207.470993 -791.174988 
35.372601 207.884995 -791.633972 
35.520500 207.912003 -790.961975 
-23.080200 208.408005 -790.723022 
-23.554800 208.886993 -791.338013 
35.941399 208.479004 -790.718994 
-23.976299 209.529999 -791.036987 
36.298401 209.156998 -791.349976 
36.752701 209.712997 -790.893982 
-24.369801 210.130997 -790.690002 
-24.792500 210.656998 -791.257996 
37.136700 210.425995 -791.466980 
37.511200 211.078995 -791.203003 
-25.209600 211.289001 -790.820007 
-25.616800 211.912003 -791.411987 
37.848202 211.839996 -791.034973 
-25.978800 212.578003 -791.044983 
38.132401 212.531006 -790.900024 
38.308800 213.298004 -791.497986 
38.568298 213.863998 -791.075012 
38.802502 214.880997 -791.038025 
38.919399 215.884003 -791.026978 
38.963902 216.882996 -791.021973 
38.974602 217.878006 -791.018005 
38.971401 218.867996 -791.013000 
38.962399 219.850998 -791.005005 
38.948101 220.830002 -791.002991 
38.930099 221.815994 -791.008972 
38.916199 222.813995 -791.007019 
38.907501 223.813004 -790.989990 
38.897900 224.800003 -790.955017 
38.879700 225.748001 -790.888000 
38.831200 226.669006 -790.825989 
38.784100 227.455994 -790.663025 
38.394699 229.070007 -791.523010 
38.639801 228.457001 -790.809021 
38.346401 229.759995 -791.549988 
38.506901 229.356003 -790.924988 
38.243198 229.916000 -792.294983 
38.401001 230.362000 -791.809021 
38.485802 230.292999 -791.163025 
38.742901 230.695999 -791.164001 
2.166730 195.526993 -790.612000 
2.371520 195.348007 -789.706970 
1.626690 195.613007 -790.237976 
3.323640 195.147995 -789.578979 
4.086640 195.100006 -789.807007 
5.031390 195.095001 -789.932983 
5.990880 195.184998 -790.010986 
7.279270 195.578995 -790.482971 
6.937820 195.376007 -790.075989 
7.689160 195.518997 -789.913025 
-1.038190 196.253006 -789.671997 
-1.632080 196.552994 -790.471008 
-0.114334 196.035004 -789.974976 
0.806396 195.834000 -790.267029 
8.017240 195.686005 -790.288025 
8.965500 195.796005 -790.208984 
9.972120 195.860992 -790.117004 
10.986600 195.910004 -790.080017 
11.995600 195.955002 -790.060974 
13.002800 196.011993 -790.056030 
14.004400 196.108002 -790.070984 
14.969900 196.253998 -790.093994 
16.170900 196.617004 -790.432007 
15.725900 196.442993 -790.205994 
16.495199 196.535004 -789.734009 
-4.832810 197.580002 -790.601013 
-4.627750 197.393005 -789.728027 
-5.304430 197.742004 -790.132996 
-3.829380 197.102997 -789.755005 
-3.323240 196.998993 -790.159973 
-2.520230 196.774002 -790.148987 
16.971100 196.738007 -790.156006 
17.985100 196.910995 -790.130005 
18.981199 197.108994 -790.143982 
20.373800 197.617004 -790.482971 
19.941999 197.378998 -790.161987 
20.675400 197.587997 -789.932007 
-6.017180 198.117004 -790.023987 
-6.735280 198.524002 -790.497009 
21.093000 197.839996 -790.242981 
22.018400 198.227005 -790.270996 
22.803900 198.490997 -789.960999 
-8.799790 199.343002 -789.614014 
-9.476380 199.712997 -790.244995 
-8.043260 199.054001 -789.874023 
-7.359650 198.794006 -790.124023 
23.316401 198.699005 -790.080017 
24.066999 198.921997 -790.150024 
24.926300 199.181000 -790.258972 
26.215599 199.779999 -790.572021 
25.694000 199.485001 -790.383972 
26.395201 199.774002 -789.812988 
-10.272900 200.106995 -789.747986 
-10.853000 200.522003 -790.484009 
26.888901 200.210007 -790.450012 
27.683300 200.684006 -789.794983 
-12.243000 201.285004 -789.918030 
-12.746200 201.589005 -790.419006 
-11.579100 200.903000 -789.997986 
28.230101 201.192993 -790.198975 
28.825001 201.546005 -789.687012 
-14.004400 202.257004 -789.669983 
-14.633800 202.634003 -790.236023 
-13.364200 201.917007 -790.046021 
29.312000 201.955994 -790.054993 
30.309200 202.712997 -790.526001 
29.856300 202.367996 -790.317017 
30.518299 202.695007 -789.757019 
-16.010799 203.511002 -790.612000 
-15.807500 203.307999 -789.755981 
-16.402700 203.710999 -790.132019 
-15.141200 202.912994 -789.809021 
30.964199 203.126999 -790.375000 
31.745701 203.580994 -789.786011 
-17.057800 204.119995 -790.007019 
-17.747400 204.563004 -790.471008 
32.338299 204.125000 -790.181030 
32.905602 204.574005 -790.020996 
-19.003799 205.289001 -789.661987 
-19.657900 205.694000 -790.280029 
-18.365000 204.914001 -790.054993 
33.398701 205.065002 -790.138000 
33.942699 205.632004 -790.124023 
-20.253000 206.138000 -789.822021 
-20.847401 206.550003 -790.330017 
34.288799 206.132004 -790.505005 
34.750999 206.524994 -789.861023 
-21.878901 207.451996 -789.625000 
-22.500900 207.966995 -789.921997 
-21.368601 206.992004 -789.940979 
35.189899 207.279999 -790.416016 
35.630100 207.817993 -790.046021 
-23.084299 208.567001 -789.913025 
-23.557400 209.074005 -790.283020 
36.045399 208.389999 -789.804016 
-24.004299 209.688995 -790.213013 
36.362301 209.022003 -790.359985 
36.774502 209.503006 -789.780029 
-24.323700 210.166000 -789.744019 
-24.774401 210.712997 -790.257019 
37.182800 210.307007 -790.476013 
37.589298 211.005997 -790.192017 
-25.196899 211.332001 -789.809021 
-25.608101 211.940994 -790.408997 
37.977798 211.785995 -789.973022 
-25.973900 212.606003 -790.046021 
38.247501 212.516998 -790.234009 
38.353699 213.033997 -790.752991 
38.474800 213.059006 -790.106018 
38.716702 213.901001 -790.057983 
38.883301 214.891006 -790.038025 
38.957298 215.893005 -790.030029 
38.981899 216.893005 -790.028015 
38.987400 217.891006 -790.026001 
38.986301 218.886993 -790.023987 
38.982300 219.880997 -790.023010 
38.976200 220.876007 -790.025024 
38.969898 221.871994 -790.026001 
38.965099 222.869995 -790.021973 
38.960800 223.865005 -790.010986 
38.953201 224.848999 -789.989014 
38.935600 225.813995 -789.956970 
38.905201 226.742996 -789.906006 
38.854099 227.645996 -789.864990 
38.824799 228.404999 -789.729980 
38.579102 229.945999 -790.666016 
38.753399 229.274994 -789.968018 
38.744701 230.445999 -790.583984 
38.965099 230.194000 -789.681030 
39.283401 230.847000 -790.158020 
2.094940 195.276001 -788.559998 
1.402860 195.559998 -789.435974 
3.144960 195.112000 -788.781006 
4.091660 195.020996 -788.870972 
5.030730 194.998001 -788.958008 
6.003080 195.033005 -789.015015 
6.979060 195.147003 -789.062988 
8.251210 195.556000 -789.562012 
7.943280 195.345993 -789.120972 
8.712890 195.487000 -788.997009 
-1.860470 196.507996 -789.669983 
-1.680830 196.332001 -788.797974 
-2.362010 196.612000 -789.260010 
-0.868103 196.082993 -788.781982 
-0.342484 195.990005 -789.169983 
0.475510 195.772003 -789.143005 
8.887190 195.656998 -789.481995 
9.920640 195.733994 -789.174988 
10.965800 195.830002 -789.142029 
11.975600 195.884003 -789.101013 
12.986000 195.925003 -789.072998 
13.995900 195.981003 -789.067993 
15.003100 196.085007 -789.096985 
16.024099 196.287003 -789.202026 
16.859900 196.457001 -789.025024 
-4.796940 197.369003 -788.646973 
-5.431870 197.731995 -789.281006 
-3.992860 197.082993 -788.929016 
-3.136490 196.848999 -789.265015 
17.169600 196.621002 -789.348022 
17.983400 196.746994 -789.143005 
18.985100 196.947006 -789.146973 
19.941799 197.177994 -789.179993 
21.209000 197.686996 -789.476990 
20.721201 197.445999 -789.283020 
21.505800 197.626999 -788.718994 
-6.132550 198.108994 -788.888977 
-6.738830 198.479996 -789.510010 
21.999100 197.964996 -789.198975 
23.311800 198.589005 -789.440979 
22.795500 198.341995 -789.304993 
23.559299 198.542007 -788.703979 
-8.853740 199.317993 -788.614990 
-9.532380 199.660995 -789.234009 
-8.111150 199.041000 -788.901001 
-7.402620 198.776993 -789.166992 
24.077200 198.804001 -789.132996 
24.954700 199.091003 -789.263000 
25.745300 199.404007 -789.474976 
26.526100 199.731003 -788.810974 
-10.984200 200.514008 -789.632996 
-10.788300 200.309006 -788.765015 
-11.397100 200.710007 -789.140991 
-10.094100 199.921997 -788.815002 
27.120399 200.177002 -789.284973 
27.808901 200.593002 -788.747986 
-12.068700 201.117004 -789.013000 
-12.756900 201.561005 -789.474976 
28.398001 201.110001 -789.125977 
28.979401 201.509995 -788.950989 
-14.034600 202.246002 -788.697998 
-14.629000 202.595001 -789.299011 
-13.386300 201.901993 -789.064026 
29.421200 201.847000 -789.135010 
29.981501 202.259995 -789.380005 
30.682600 202.606003 -788.789978 
-15.916900 203.304993 -788.669006 
-16.502001 203.709000 -789.283020 
-15.254700 202.936996 -788.992004 
31.292000 203.115997 -789.174011 
31.914499 203.541000 -789.008972 
-17.149700 204.121994 -788.867981 
-17.742001 204.531998 -789.463989 
32.343498 203.921005 -789.219971 
33.152599 204.699997 -789.638977 
32.850300 204.378006 -789.409973 
33.428699 204.813995 -789.039001 
-18.999500 205.292999 -788.648010 
-19.631001 205.705994 -789.242004 
-18.369301 204.910004 -789.044006 
34.283600 205.919998 -789.773987 
33.941399 205.431000 -789.411011 
34.461300 205.921005 -789.051025 
-20.217699 206.158997 -788.789001 
-20.804899 206.604004 -789.349976 
34.950802 206.485001 -788.872009 
-22.158300 207.748001 -789.354980 
-21.915400 207.589996 -789.004028 
-21.401100 207.143997 -788.906006 
35.276901 207.123001 -789.460022 
35.771999 207.690994 -788.911987 
-23.330999 208.947006 -789.473999 
-22.896999 208.520004 -789.179993 
-22.340000 208.016998 -788.828003 
36.192600 208.419998 -789.137024 
36.378899 208.852997 -789.612976 
36.530899 208.897003 -788.953003 
-23.308901 209.059998 -788.703003 
-23.794500 209.535995 -789.336975 
36.936001 209.501999 -788.750977 
-24.266500 210.188004 -788.731995 
-24.751400 210.764008 -789.236023 
37.255402 210.216003 -789.450989 
37.670700 210.889999 -789.140015 
-25.185101 211.408005 -788.786987 
-25.599501 211.992996 -789.390015 
38.036098 211.529007 -788.908997 
38.277802 212.281998 -789.497009 
38.560001 212.876007 -789.083984 
38.808601 213.897995 -789.052979 
38.928799 214.897003 -789.036987 
38.975300 215.897003 -789.031982 
38.990002 216.897003 -789.030029 
38.994099 217.895996 -789.031006 
38.995098 218.897003 -789.031982 
38.994202 219.899994 -789.036011 
38.991798 220.903000 -789.041016 
38.988998 221.901001 -789.041992 
38.986599 222.897003 -789.036011 
38.983700 223.889999 -789.026978 
38.977699 224.878006 -789.015015 
38.966301 225.854004 -788.995972 
38.946701 226.811005 -788.971008 
38.923801 227.729996 -788.934998 
38.904999 228.626999 -788.921997 
38.961700 229.496002 -788.818970 
39.201698 230.203003 -788.432007 
39.534302 230.723999 -788.914001 
40.153198 231.194000 -789.192017 
1.169980 195.511002 -788.635986 
1.377690 195.339996 -787.716003 
0.628830 195.608994 -788.244995 
2.331310 195.132004 -787.590027 
3.101820 195.054001 -787.815979 
4.053650 194.983994 -787.926025 
5.025540 194.951996 -787.979980 
6.007190 194.955994 -788.015015 
6.996810 195.003998 -788.043030 
7.991640 195.113998 -788.077026 
9.464800 195.541000 -788.677979 
9.023760 195.292007 -788.125977 
10.219100 195.600006 -788.372986 
10.057800 195.412994 -787.867981 
10.692000 195.537994 -787.831970 
-1.918900 196.287003 -787.755981 
-2.542340 196.574005 -788.448975 
-1.085770 196.054001 -787.981995 
-0.187408 195.837997 -788.268005 
10.980000 195.697998 -788.247986 
11.941900 195.796997 -788.206970 
12.952500 195.854004 -788.130005 
13.973600 195.903000 -788.093018 
14.992900 195.966003 -788.083008 
16.014999 196.085007 -788.112976 
17.551100 196.535004 -788.664978 
17.065599 196.285004 -788.158997 
18.240700 196.623001 -788.359009 
18.036699 196.442001 -787.898010 
18.648199 196.585999 -787.827026 
-4.904360 197.358002 -787.668030 
-5.531690 197.720001 -788.265991 
-4.161030 197.067993 -787.950012 
-3.356580 196.815994 -788.190002 
19.009199 196.774002 -788.176025 
19.988899 197.014008 -788.169983 
20.967501 197.319000 -788.252991 
21.774200 197.565994 -787.976013 
-6.196270 198.102005 -787.859009 
-6.787610 198.468002 -788.492004 
22.278999 197.832993 -788.137024 
23.039499 198.214996 -788.260986 
23.799400 198.503998 -787.971008 
-8.896730 199.304001 -787.645020 
-9.553500 199.617004 -788.283020 
-8.162410 199.031998 -787.916016 
-7.450010 198.768005 -788.177002 
24.304100 198.738998 -788.107971 
25.024401 199.016006 -788.244019 
25.812201 199.341995 -788.476013 
26.609501 199.664001 -787.771973 
-10.912200 200.300003 -787.668030 
-11.511700 200.703003 -788.284973 
-10.222200 199.940994 -787.989014 
27.324900 200.145004 -788.133972 
27.948700 200.550003 -787.973022 
-12.201600 201.112000 -787.862000 
-12.783300 201.524994 -788.476013 
28.390400 200.908005 -788.166992 
29.392200 201.688995 -788.469971 
28.938000 201.330994 -788.296021 
29.561501 201.628006 -787.698975 
-14.108900 202.251007 -787.734985 
-14.679200 202.591003 -788.357971 
-13.448900 201.893997 -788.064026 
30.118000 202.113007 -788.237976 
30.850201 202.548996 -788.015015 
-15.965900 203.300003 -787.653992 
-16.571800 203.705002 -788.257996 
-15.317700 202.936996 -788.023010 
31.322300 202.917999 -788.197021 
32.307598 203.735992 -788.554016 
31.879101 203.356995 -788.341003 
32.483799 203.697998 -787.791992 
-17.189199 204.121002 -787.830017 
-17.767900 204.528000 -788.429016 
32.890999 204.190994 -788.447021 
33.597900 204.709000 -787.903015 
-18.998199 205.296005 -787.640991 
-19.618900 205.714005 -788.224976 
-18.375900 204.910004 -788.031006 
34.068699 205.317993 -788.453003 
34.685299 205.917007 -788.030029 
-20.201500 206.173004 -787.768982 
-20.775900 206.645004 -788.317017 
35.136200 206.524994 -788.195007 
35.334000 206.955002 -788.685974 
35.499298 206.990997 -788.005981 
-21.292700 207.141998 -787.807007 
-21.829300 207.608994 -788.270020 
35.919399 207.572998 -787.776001 
-22.292700 208.108994 -787.780029 
-22.809601 208.582001 -788.250977 
36.235401 208.255997 -788.377014 
36.647701 208.822998 -788.046021 
-23.272600 209.126007 -787.750000 
-23.766899 209.632004 -788.249023 
37.046799 209.425003 -787.835999 
-24.215200 210.207001 -787.719971 
-24.740101 210.863007 -788.098022 
37.345001 210.115997 -788.458984 
37.783100 210.735001 -787.940979 
-25.180700 211.511993 -787.934021 
-25.594299 212.106003 -788.299988 
38.162701 211.535995 -788.216980 
38.308201 212.044998 -788.752991 
38.432701 212.121994 -788.116028 
38.694099 212.960007 -788.090027 
38.869999 213.912994 -788.054016 
38.953499 214.899994 -788.036987 
38.985401 215.895996 -788.033020 
38.997501 216.895004 -788.034973 
39.004700 217.897995 -788.038025 
39.009701 218.912994 -788.046021 
39.009399 219.934006 -788.062988 
39.005100 220.940002 -788.078003 
39.001301 221.927994 -788.072998 
38.998600 222.917999 -788.059021 
38.994999 223.910995 -788.047974 
38.990101 224.899994 -788.036987 
38.982899 225.882996 -788.023987 
38.973499 226.854004 -788.007019 
38.965599 227.807999 -787.986023 
38.980499 228.729004 -787.927979 
39.067699 229.557007 -787.742981 
39.287800 230.201996 -787.351990 
39.652100 230.660995 -787.789978 
40.226799 231.033005 -788.072021 
1.104230 195.279007 -786.560974 
0.410828 195.563004 -787.434021 
2.145020 195.106995 -786.784973 
3.092990 195.005997 -786.874023 
4.036560 194.957001 -786.955017 
5.015670 194.931000 -786.997986 
6.006060 194.925003 -787.018005 
7.000950 194.938004 -787.031982 
7.998930 194.981995 -787.046997 
9.003170 195.067001 -787.062988 
10.006500 195.186996 -787.044983 
11.243600 195.565002 -787.531006 
10.961900 195.362000 -787.072998 
11.710300 195.490005 -786.986023 
-2.082400 196.227997 -786.682983 
-2.733810 196.537003 -787.469971 
-1.344730 196.041000 -787.151978 
-0.505280 195.789993 -787.127991 
11.869400 195.658997 -787.478027 
12.883200 195.725006 -787.216980 
13.924500 195.813995 -787.179016 
14.962500 195.876999 -787.112000 
15.990000 195.955002 -787.096985 
17.005899 196.074997 -787.106018 
17.979000 196.246994 -787.107971 
19.194799 196.645004 -787.413025 
18.740601 196.455002 -787.193970 
19.526199 196.578995 -786.666992 
-4.931640 197.328003 -786.703979 
-5.588290 197.707001 -787.263977 
-4.340290 197.084000 -787.127991 
-3.571060 196.798004 -787.112000 
20.013599 196.830994 -787.130981 
20.973000 197.126007 -787.208008 
22.284401 197.677002 -787.473022 
21.766399 197.421005 -787.312012 
22.529600 197.628998 -786.736023 
-6.253680 198.091003 -786.841003 
-6.841140 198.460007 -787.487976 
23.018400 197.968994 -787.208984 
24.293200 198.623993 -787.452026 
23.768101 198.354996 -787.325012 
24.506001 198.580994 -786.679016 
-8.949390 199.300995 -786.703003 
-9.602680 199.608994 -787.336975 
-8.239880 199.031006 -786.953003 
-7.518980 198.763000 -787.181030 
25.063299 198.899994 -787.163025 
25.894501 199.276993 -787.432007 
26.698799 199.587997 -786.775024 
-10.961700 200.281006 -786.650024 
-11.603300 200.684998 -787.244019 
-10.283800 199.936005 -787.010010 
27.318600 199.977997 -787.080017 
28.343100 200.733002 -787.507019 
27.907200 200.388000 -787.301025 
28.530500 200.701996 -786.744019 
-12.327400 201.098999 -786.721008 
-12.885000 201.514999 -787.452026 
28.964899 201.134995 -787.331970 
29.721500 201.535004 -786.742981 
-14.238100 202.287003 -786.913025 
-14.734600 202.593002 -787.414001 
-13.584100 201.901993 -786.987976 
30.251301 201.960007 -787.096985 
31.288000 202.740005 -787.528992 
30.825399 202.382996 -787.335022 
31.484200 202.714005 -786.752991 
-15.984400 203.296005 -786.651978 
-16.601601 203.701004 -787.242981 
-15.347800 202.929993 -787.039978 
31.922899 203.166000 -787.359985 
32.683399 203.630997 -786.786987 
-17.203699 204.119995 -786.817993 
-17.782000 204.526993 -787.413025 
33.143101 204.147995 -787.309021 
33.761101 204.634995 -786.872009 
-18.997801 205.296997 -786.638000 
-19.613800 205.718994 -787.216980 
-18.379400 204.910004 -787.025024 
34.197701 205.216995 -787.418030 
34.726002 205.703003 -786.914978 
-20.192499 206.177994 -786.757996 
-20.745300 206.656998 -787.284973 
35.158001 206.360992 -787.427002 
35.608700 206.906006 -787.077026 
-21.258101 207.151993 -786.783020 
-21.778000 207.638000 -787.281982 
36.030499 207.481995 -786.859009 
-22.264900 208.143005 -786.776001 
-22.771700 208.632996 -787.267029 
36.332001 208.130005 -787.440979 
36.784901 208.701004 -786.916992 
-23.253201 209.158005 -786.767029 
-23.740601 209.671997 -787.255981 
37.193401 209.457993 -787.163025 
37.377998 209.938004 -787.677979 
37.524101 209.975006 -786.994995 
-24.181299 210.222000 -786.771973 
-24.554701 210.688995 -787.206970 
37.904999 210.615005 -786.765015 
-25.387199 211.908005 -787.443970 
-24.980499 211.330994 -787.091003 
38.193298 211.376007 -787.435974 
38.515598 212.098999 -787.218018 
-25.384399 212.024002 -786.609985 
38.758400 212.957001 -787.104980 
38.902401 213.906998 -787.052979 
38.969398 214.893997 -787.036987 
38.999001 215.888000 -787.036987 
39.018600 216.889008 -787.047974 
39.039001 217.908997 -787.054993 
39.049999 218.977005 -787.078979 
39.039501 220.033997 -787.150024 
39.026600 221.007996 -787.176025 
39.021400 221.966003 -787.132019 
39.014500 222.957993 -787.101990 
39.006500 223.947998 -787.088013 
38.999901 224.929993 -787.070984 
38.994400 225.910004 -787.051025 
38.989700 226.888000 -787.033020 
38.992001 227.850006 -787.002014 
39.019199 228.766998 -786.919006 
39.107498 229.574005 -786.716980 
39.314899 230.197006 -786.327026 
39.698299 230.623001 -786.737976 
40.297001 230.940002 -786.999023 
0.191803 195.522003 -786.625977 
0.428558 195.358002 -785.718018 
-0.321609 195.628998 -786.218018 
1.334050 195.139008 -785.598999 
2.087770 195.052994 -785.823975 
3.038160 194.977997 -785.932007 
4.017270 194.936996 -785.982971 
5.006730 194.919006 -786.010010 
6.002810 194.912994 -786.023010 
7.000950 194.914993 -786.028992 
8.000090 194.927994 -786.034973 
9.000490 194.960007 -786.041992 
10.001300 195.020004 -786.049011 
10.999900 195.125000 -786.067017 
12.453500 195.533005 -786.695007 
12.028600 195.287994 -786.122009 
13.188500 195.582993 -786.437988 
13.069000 195.389999 -785.892029 
13.715300 195.509003 -785.908997 
-2.895540 196.509003 -786.653015 
-2.662080 196.337006 -785.758972 
-3.367980 196.643005 -786.218018 
-1.833470 196.056000 -785.742004 
-1.123380 195.878998 -786.205994 
13.844700 195.675995 -786.427002 
14.906700 195.744995 -786.158997 
15.964300 195.852005 -786.140991 
16.981600 195.947006 -786.114014 
17.991899 196.082993 -786.116028 
19.007700 196.317993 -786.184021 
