94.85 265.603 -445.217
89.6306 267.497 -448.246
86.5383 268.584 -449.244
92.7163 266.41 -447.25
89.6306 267.497 -448.246
82.3609 270.571 -451.336
114.422 264.155 -438.987
93.7886 266.505 -446.3
79.2375 273.649 -452.618
106.234 264.523 -440.612
97.938 265.512 -444.357
108.25 264.338 -440.703
102.078 264.52 -442.419
94.85 265.603 -445.217
91.77 266.69 -446.209
86.5383 268.584 -449.244
84.5151 269.765 -449.289
100.064 264.705 -442.329
117.545 265.059 -438.253
91.77 266.69 -446.209
109.32 264.432 -439.754
105.164 264.429 -441.561
86.6645 268.958 -447.247
78.2766 274.927 -451.706
77.1773 276.823 -452.944
108.25 264.338 -440.703
95.9212 265.698 -444.267
90.6977 266.596 -447.16
88.6833 267.777 -447.204
86.5383 268.584 -449.244
110.391 264.526 -438.806
118.781 266.522 -435.435
118.655 266.148 -437.426
119.728 266.242 -436.476
93.8948 264.887 -444.046
121.749 266.056 -436.567
84.5151 269.765 -449.289
81.4064 271.848 -450.427
79.2375 273.649 -452.618
107.305 264.617 -439.664
113.477 264.434 -437.948
94.9758 265.977 -443.227
91.8884 266.068 -444.087
90.8173 265.974 -445.036
78.2766 274.927 -451.706
111.461 264.62 -437.857
102.204 264.893 -440.432
121.749 266.056 -436.567
121.749 266.056 -436.567
86.6645 268.958 -447.247
114.581 265.524 -437.122
97.1184 266.165 -441.328
122.908 268.14 -435.858
90.8173 265.974 -445.036
88.6833 267.777 -447.204
86.6645 268.958 -447.247
129.41 273.925 -434.849
132.907 280.795 -434.809
96.0471 266.071 -442.278
123.984 268.235 -434.905
126.102 270.038 -435.237
84.6422 269.144 -447.157
79.371 273.03 -450.473
78.4115 274.308 -449.561
104.345 265.081 -438.535
102.204 264.893 -440.432
120.802 266.336 -435.525
121.917 267.425 -434.695
88.8054 267.155 -445.078
87.8594 267.435 -444.037
86.6645 268.958 -447.247
126.102 270.038 -435.237
128.23 271.841 -435.568
129.41 273.925 -434.849
80.5875 271.509 -447.243
95.1018 266.351 -441.238
91.8884 266.068 -444.087
90.9433 266.347 -443.047
128.405 273.212 -433.681
79.4981 273.407 -448.468
78.4115 274.308 -449.561
78.4115 274.308 -449.561
109.446 264.805 -437.767
92.0142 266.442 -442.097
127.228 271.128 -434.401
130.595 276.01 -434.126
130.595 276.01 -434.126
77.3136 276.205 -450.793
106.51 266.265 -436.76
110.642 265.272 -434.831
123.984 268.235 -434.905
131.838 279.089 -433.516
77.3136 276.205 -450.793
77.3136 276.205 -450.793
104.471 265.454 -436.548
100.332 266.448 -438.479
116.725 265.712 -435.223
96.173 266.445 -440.288
119.854 266.616 -434.484
122.991 267.52 -433.743
87.9856 267.809 -442.045
130.595 276.01 -434.126
77.4498 275.586 -448.646
102.33 265.266 -438.445
97.2305 265.542 -439.213
115.778 265.991 -434.183
117.796 265.806 -434.274
120.927 266.71 -433.534
89.9982 266.627 -442.007
122.991 267.52 -433.743
125.105 269.324 -434.072
127.402 272.499 -432.515
83.6942 269.424 -446.114
128.405 273.212 -433.681
77.4498 275.586 -448.646
134.162 283.875 -434.193
134.162 283.875 -434.193
134.162 283.875 -434.193
119.854 266.616 -434.484
118.868 265.9 -433.324
91.0692 266.721 -441.057
88.9315 267.529 -443.086
124.11 268.609 -432.909
125.276 270.695 -432.19
84.769 268.522 -445.029
109.571 265.178 -435.78
95.2277 266.724 -439.248
92.1403 266.815 -440.108
118.868 265.9 -433.324
122.991 267.52 -433.743
122.042 267.8 -432.701
85.9676 267.994 -441.955
81.6681 270.607 -446.156
80.7142 271.884 -445.243
130.825 278.378 -432.343
77.4498 275.586 -448.646
133.088 282.17 -432.899
134.162 283.875 -434.193
104.471 265.454 -436.548
106.636 266.639 -434.771
119.98 266.99 -432.492
89.0533 266.906 -440.968
123.16 268.89 -431.866
78.6732 274.065 -445.415
77.4498 275.586 -448.646
101.511 265.918 -435.419
110.642 265.272 -434.831
99.387 266.727 -437.439
117.922 266.179 -432.285
121.094 268.08 -431.659
90.1299 267.997 -440.144
129.764 276.671 -431.059
80.7142 271.884 -445.243
133.088 282.17 -432.899
133.088 282.17 -432.899
111.712 265.366 -433.883
119.032 267.27 -431.451
92.1403 266.815 -440.108
126.401 271.785 -431.351
126.401 271.785 -431.351
127.402 272.499 -432.515
82.7463 269.705 -445.07
81.7985 269.985 -444.027
130.952 278.757 -430.325
77.5772 275.964 -446.637
107.707 266.733 -433.822
115.904 266.365 -432.194
93.2114 266.909 -439.158
120.106 267.364 -430.501
127.528 272.875 -430.509
80.7142 271.884 -445.243
129.764 276.671 -431.059
94.2826 267.003 -438.209
111.868 266.736 -432.013
116.976 266.459 -431.245
87.0397 268.088 -441.005
82.8754 269.082 -442.945
128.756 275.958 -429.893
80.7142 271.884 -445.243
78.6732 274.065 -445.415
77.7215 274.346 -444.367
133.269 283.546 -430.985
77.5772 275.964 -446.637
77.5772 275.964 -446.637
133.269 283.546 -430.985
104.596 265.827 -434.561
101.511 265.918 -435.419
109.851 266.921 -431.923
113.853 265.554 -431.987
120.106 267.364 -430.501
123.286 269.265 -429.87
86.0939 268.368 -439.964
126.401 271.785 -431.351
77.7215 274.346 -444.367
130.952 278.757 -430.325
132.018 280.464 -431.609
76.6233 276.246 -445.587
98.5677 267.38 -434.411
111.868 266.736 -432.013
114.924 265.648 -431.038
114.924 265.648 -431.038
117.101 266.832 -429.256
87.1659 268.462 -439.013
125.402 271.07 -430.19
123.286 269.265 -429.87
125.402 271.07 -430.19
82.8754 269.082 -442.945
126.574 273.157 -429.461
79.7645 272.165 -444.198
129.764 276.671 -431.059
132.25 282.836 -429.811
133.269 283.546 -430.985
102.813 265.76 -430.382
105.667 265.921 -433.613
100.693 266.57 -432.394
114.012 266.924 -430.115
94.3981 266.379 -436.098
118.048 266.553 -430.295
126.574 273.157 -429.461
81.9289 269.362 -441.904
78.8148 272.446 -443.152
128.756 275.958 -429.893
116.03 266.738 -430.205
91.3214 267.468 -437.079
91.3214 267.468 -437.079
120.106 267.364 -430.501
121.22 268.454 -429.665
124.45 271.352 -429.144
76.6233 276.246 -445.587
132.25 282.836 -429.811
132.25 282.836 -429.811
119.158 267.643 -429.46
88.2381 268.556 -438.063
126.747 274.53 -427.568
129.941 278.045 -429.157
77.7215 274.346 -444.367
131.182 281.128 -428.529
92.3925 267.562 -436.13
88.2381 268.556 -438.063
122.336 269.545 -428.827
86.0939 268.368 -439.964
123.455 270.636 -427.986
84.0763 268.553 -439.874
126.574 273.157 -429.461
129.941 278.045 -429.157
77.7215 274.346 -444.367
76.7603 275.625 -443.449
131.182 281.128 -428.529
107.807 266.109 -431.716
93.4636 267.656 -435.18
117.101 266.832 -429.256
120.231 267.738 -428.51
121.22 268.454 -429.665
124.45 271.352 -429.144
84.0763 268.553 -439.874
125.574 272.442 -428.301
128.932 277.332 -427.992
76.7603 275.625 -443.449
132.25 282.836 -429.811
113.034 266.206 -428.961
91.3214 267.468 -437.079
120.231 267.738 -428.51
118.173 266.926 -428.307
86.2203 268.742 -437.973
121.345 268.829 -427.672
85.1482 268.647 -438.924
128.932 277.332 -427.992
129.158 279.703 -426.196
76.7603 275.625 -443.449
76.7603 275.625 -443.449
98.6783 266.755 -432.304
113.034 266.206 -428.961
116.155 267.112 -428.216
117.227 267.206 -427.267
118.173 266.926 -428.307
87.2923 268.836 -437.022
82.0554 269.736 -439.91
129.158 279.703 -426.196
100.801 265.945 -430.292
104.825 265.576 -430.472
109.92 265.3 -429.705
89.3103 268.651 -437.112
89.3103 268.651 -437.112
121.345 268.829 -427.672
86.2203 268.742 -437.973
122.462 269.92 -426.831
124.621 272.724 -427.254
80.0242 271.918 -440.071
78.9488 271.823 -441.025
78.9488 271.823 -441.025
127.974 277.615 -426.939
129.158 279.703 -426.196
76.7603 275.625 -443.449
76.7603 275.625 -443.449
131.413 283.501 -426.724
130.219 281.413 -427.471
96.6642 266.94 -432.215
112.058 265.487 -427.811
118.299 267.3 -426.318
120.357 268.111 -426.519
84.2027 268.927 -437.883
77.857 273.724 -442.235
126.968 276.901 -425.778
76.7603 275.625 -443.449
108.007 264.859 -427.518
92.3925 267.562 -436.13
116.155 267.112 -428.216
119.245 267.02 -427.357
85.2747 269.021 -436.932
82.182 270.111 -437.917
123.625 272.008 -426.098
127.974 277.615 -426.939
127.974 277.615 -426.939
129.158 279.703 -426.196
130.397 282.789 -425.556
131.413 283.501 -426.724
106.964 265.763 -428.578
116.246 266.487 -426.117
85.4011 269.395 -434.942
120.357 268.111 -426.519
120.357 268.111 -426.519
120.357 268.111 -426.519
81.1044 271.014 -438.993
80.0242 271.918 -440.071
79.0688 273.197 -439.152
76.8971 275.004 -441.315
127.974 277.615 -426.939
130.397 282.789 -425.556
129.158 279.703 -426.196
75.7865 277.903 -442.655
91.8114 266.963 -428.898
114.197 265.675 -425.917
89.5631 269.398 -433.13
90.3825 268.745 -436.162
117.227 267.206 -427.267
117.227 267.206 -427.267
81.1044 271.014 -438.993
126.968 276.901 -425.778
124.792 274.097 -425.361
76.8971 275.004 -441.315
75.7865 277.903 -442.655
102.919 265.134 -428.285
106.098 264.417 -425.337
112.058 265.487 -427.811
118.299 267.3 -426.318
119.41 268.391 -425.478
84.3292 269.301 -435.892
121.513 270.2 -425.788
121.513 270.2 -425.788
83.2573 269.206 -436.843
80.1569 271.294 -437.95
77.9923 273.102 -440.107
76.8971 275.004 -441.315
75.7865 277.903 -442.655
98.7888 266.13 -430.203
89.5631 269.398 -433.13
120.483 268.485 -424.528
81.2356 270.39 -436.875
125.919 275.189 -424.512
76.8971 275.004 -441.315
75.9457 275.285 -440.268
76.8971 275.004 -441.315
75.7865 277.903 -442.655
130.397 282.789 -425.556
130.397 282.789 -425.556
130.397 282.789 -425.556
94.8914 266.872 -428.04
111.085 264.768 -426.662
114.197 265.675 -425.917
117.316 266.581 -425.169
79.0688 273.197 -439.152
77.0338 274.381 -439.186
130.397 282.789 -425.556
129.335 281.08 -424.285
75.7865 277.903 -442.655
75.7865 277.903 -442.655
114.197 265.675 -425.917
115.266 265.769 -424.97
121.513 270.2 -425.788
122.631 271.292 -424.944
129.335 281.08 -424.285
95.9479 265.966 -426.981
99.9667 265.597 -427.16
101.957 264.414 -427.138
85.5273 268.77 -432.833
85.4011 269.395 -434.942
123.795 273.381 -424.206
78.1194 273.477 -438.107
125.919 275.189 -424.512
77.0338 274.381 -439.186
127.142 278.276 -423.873
74.8203 279.184 -441.731
97.9572 265.782 -427.07
103.024 264.508 -426.193
89.8057 268.147 -428.922
118.425 267.673 -424.329
84.4565 268.676 -433.782
83.3858 268.581 -434.732
119.536 268.765 -423.488
81.2356 270.39 -436.875
121.639 270.575 -423.793
123.795 273.381 -424.206
76.0731 275.661 -438.263
127.317 279.652 -421.964
74.8203 279.184 -441.731
74.8203 279.184 -441.731
92.8713 266.057 -427.838
116.336 265.862 -424.023
85.5273 268.77 -432.833
80.2893 270.67 -435.834
124.964 275.471 -423.463
126.138 277.561 -422.716
74.9712 277.564 -439.469
128.325 280.366 -423.123
129.335 281.08 -424.285
129.335 281.08 -424.285
129.335 281.08 -424.285
99.009 264.876 -426.014
103.129 263.88 -424.105
109.145 263.328 -424.373
89.8057 268.147 -428.922
113.221 264.955 -424.771
79.2028 272.573 -437.03
122.757 271.667 -422.947
79.2028 272.573 -437.03
74.8203 279.184 -441.731
74.8203 279.184 -441.731
74.8203 279.184 -441.731
128.5 281.743 -421.209
97.0019 265.061 -425.925
111.181 264.142 -424.572
85.6533 268.143 -430.729
115.266 265.769 -424.97
114.289 265.049 -423.825
82.4416 268.86 -433.693
80.2893 270.67 -435.834
119.536 268.765 -423.488
79.2028 272.573 -437.03
77.1611 274.757 -437.184
126.218 276.94 -420.602
94.9951 265.245 -425.835
116.336 265.862 -424.023
83.5123 268.955 -432.743
80.2893 270.67 -435.834
80.2893 270.67 -435.834
80.2893 270.67 -435.834
77.1611 274.757 -437.184
123.921 273.757 -422.204
74.9712 277.564 -439.469
73.8518 280.465 -440.804
86.7229 268.237 -429.781
117.442 266.954 -423.183
78.2545 272.854 -435.986
121.765 270.949 -421.798
77.1611 274.757 -437.184
74.9712 277.564 -439.469
74.9712 277.564 -439.469
73.8518 280.465 -440.804
127.317 279.652 -421.964
128.5 281.743 -421.209
128.5 281.743 -421.209
128.5 281.743 -421.209
94.9951 265.245 -425.835
105.26 264.067 -422.218
90.869 267.241 -427.861
84.5837 268.049 -431.677
81.4975 269.14 -432.654
80.2893 270.67 -435.834
120.649 269.857 -422.644
73.8518 280.465 -440.804
73.8518 280.465 -440.804
128.5 281.743 -421.209
115.392 266.141 -422.986
83.5123 268.955 -432.743
83.6406 268.328 -430.64
79.3497 269.951 -434.673
128.5 281.743 -421.209
128.5 281.743 -421.209
97.1003 263.433 -423.729
101.124 264.064 -424.016
107.39 264.254 -420.33
86.8474 267.61 -427.683
114.289 265.049 -423.825
114.415 265.421 -421.843
82.5681 269.234 -431.705
81.4975 269.14 -432.654
118.55 268.046 -422.341
119.536 268.765 -423.488
77.3064 273.134 -434.943
124.092 275.131 -420.305
73.993 279.844 -438.666
73.8518 280.465 -440.804
73.8518 280.465 -440.804
128.5 281.743 -421.209
95.1095 264.616 -423.748
99.2283 263.619 -421.844
90.9885 266.613 -425.768
111.276 263.515 -422.486
112.342 263.608 -421.542
84.7106 267.422 -429.577
117.567 267.327 -421.197
117.567 267.327 -421.197
74.1459 278.223 -436.411
127.444 280.03 -419.949
73.8518 280.465 -440.804
73.8518 280.465 -440.804
113.44 264.7 -420.703
83.6406 268.328 -430.64
80.5535 269.419 -431.615
118.55 268.046 -422.341
78.5313 270.604 -431.642
119.622 268.14 -421.392
75.2495 276.319 -435.212
125.217 276.224 -419.451
127.444 280.03 -419.949
128.677 283.12 -419.29
127.619 281.407 -418.034
128.677 283.12 -419.29
111.402 263.886 -420.509
84.7106 267.422 -429.577
84.7106 267.422 -429.577
114.415 265.421 -421.843
81.6282 268.513 -430.551
80.5535 269.419 -431.615
119.622 268.14 -421.392
120.775 270.231 -420.651
73.01 282.126 -437.857
127.444 280.03 -419.949
73.01 282.126 -437.857
93.1052 264.8 -423.659
104.298 263.345 -421.079
107.39 264.254 -420.33
108.456 264.347 -419.387
85.779 267.516 -428.63
85.9045 266.888 -426.535
82.7004 267.607 -429.488
114.415 265.421 -421.843
119.622 268.14 -421.392
77.4514 271.509 -432.711
121.891 271.324 -419.803
74.1459 278.223 -436.411
73.01 282.126 -437.857
128.677 283.12 -419.29
97.2259 263.803 -421.755
95.1095 264.616 -423.748
116.587 266.607 -420.056
119.787 269.512 -419.507
75.2495 276.319 -435.212
123.095 274.414 -419.156
74.1459 278.223 -436.411
126.392 278.316 -418.695
102.42 263.899 -419.016
89.1017 266.169 -423.59
105.362 263.438 -420.137
88.0356 266.075 -424.534
85.9045 266.888 -426.535
84.8373 266.794 -427.481
82.7004 267.607 -429.488
116.587 266.607 -420.056
79.6096 269.698 -430.577
118.676 268.42 -420.353
75.2495 276.319 -435.212
76.3483 274.414 -434.018
126.612 280.691 -416.881
73.01 282.126 -437.857
73.01 282.126 -437.857
73.01 282.126 -437.857
73.01 282.126 -437.857
127.619 281.407 -418.034
95.2237 263.987 -421.666
101.356 263.806 -419.959
80.6853 268.792 -429.513
117.656 266.701 -419.109
76.3483 274.414 -434.018
119.787 269.512 -419.507
74.2985 276.6 -434.166
92.2838 264.448 -420.546
89.1017 266.169 -423.59
104.423 263.716 -419.105
82.8295 266.979 -427.393
111.527 264.257 -418.533
79.6096 269.698 -430.577
78.6655 269.977 -429.538
76.5055 271.789 -431.67
73.1922 278.505 -435.361
124.218 275.507 -418.301
125.389 277.6 -417.544
73.1922 278.505 -435.361
127.619 281.407 -418.034
98.4003 263.266 -418.736
99.3375 262.989 -419.766
81.7622 266.885 -428.338
114.632 265.165 -417.78
78.6655 269.977 -429.538
76.5055 271.789 -431.67
75.4102 273.695 -432.856
74.2985 276.6 -434.166
123.179 273.791 -417.055
72.2104 280.787 -434.549
126.786 282.069 -414.963
95.3377 263.357 -419.589
97.3375 263.173 -419.677
86.0296 266.259 -424.446
82.8295 266.979 -427.393
79.8752 268.442 -426.38
80.6853 268.792 -429.513
115.608 265.887 -418.917
118.764 267.794 -418.264
73.4881 276.257 -431
73.3339 277.882 -433.236
72.0525 282.409 -436.803
72.0525 282.409 -436.803
127.794 282.785 -416.114
126.786 282.069 -414.963
93.3381 263.54 -419.5
105.487 263.809 -418.163
104.526 263.085 -417.031
105.487 263.809 -418.163
106.527 262.902 -417.12
82.9585 266.35 -425.302
110.558 263.534 -417.399
115.608 265.887 -418.917
76.6323 272.163 -429.677
117.656 266.701 -419.109
119.874 268.887 -417.417
123.179 273.791 -417.055
124.389 276.883 -416.396
72.0525 282.409 -436.803
72.0525 282.409 -436.803
91.3456 264.725 -419.515
100.526 263.453 -416.853
84.1518 265.813 -422.272
108.554 263.718 -417.31
80.953 266.534 -425.213
78.7999 269.349 -427.439
77.7136 271.256 -428.613
116.712 266.979 -418.073
76.6323 272.163 -429.677
121.027 270.979 -416.667
122.185 273.072 -415.912
72.2104 280.787 -434.549
93.3381 263.54 -419.5
98.5104 262.635 -416.664
105.589 263.179 -416.09
104.526 263.085 -417.031
114.632 265.165 -417.78
115.734 266.258 -416.936
121.194 272.353 -414.772
72.0525 282.409 -436.803
72.2104 280.787 -434.549
126.786 282.069 -414.963
95.4515 262.725 -417.516
86.1562 266.631 -422.468
104.526 263.085 -417.031
82.019 266.627 -424.269
106.627 262.271 -415.05
82.9585 266.35 -425.302
109.619 263.812 -416.367
80.953 266.534 -425.213
112.718 264.721 -415.613
78.9338 268.72 -425.344
75.6759 273.443 -428.75
124.516 277.259 -414.391
72.3674 279.164 -432.304
72.2104 280.787 -434.549
126.786 282.069 -414.963
126.786 282.069 -414.963
103.568 262.361 -415.901
111.652 264.628 -416.557
113.691 265.443 -416.746
76.7597 272.537 -427.686
75.6759 273.443 -428.75
73.4881 276.257 -431
95.4515 262.725 -417.516
97.5601 261.91 -415.536
78.9338 268.72 -425.344
115.824 265.63 -414.857
75.6759 273.443 -428.75
123.348 275.165 -415.154
71.2393 282.07 -433.615
125.735 280.353 -413.719
88.2841 265.817 -420.473
86.2809 266 -420.385
102.631 262.638 -414.872
108.653 263.088 -415.237
109.716 263.181 -414.296
111.747 263.998 -414.483
77.8492 270.629 -426.513
114.757 265.537 -415.802
74.5897 274.35 -429.816
73.4881 276.257 -431
72.5383 276.537 -429.954
72.3674 279.164 -432.304
71.2393 282.07 -433.615
125.908 281.731 -411.799
92.5188 263.185 -416.399
98.6204 262.003 -414.597
100.616 261.82 -414.685
84.1518 265.813 -422.272
82.019 266.627 -424.269
107.689 262.364 -414.11
80.0079 267.813 -424.288
112.811 264.091 -413.541
75.8138 272.816 -426.645
119.054 269.539 -414.391
74.7294 273.723 -427.708
73.6419 274.63 -428.773
124.732 279.636 -412.573
71.2393 282.07 -433.615
71.2393 282.07 -433.615
96.5129 262.818 -416.576
105.691 262.548 -414.021
76.9052 270.908 -425.474
73.6419 274.63 -428.773
72.5383 276.537 -429.954
122.48 274.822 -412.013
71.3989 280.446 -431.37
125.908 281.731 -411.799
125.908 281.731 -411.799
125.908 281.731 -411.799
94.6304 262.369 -414.42
84.2777 266.184 -420.296
104.857 262.192 -410.93
110.808 264.275 -413.452
111.747 263.998 -414.483
75.0306 270.463 -423.291
74.8686 273.096 -425.604
120.165 270.633 -413.538
71.3989 280.446 -431.37
71.2393 282.07 -433.615
71.2393 282.07 -433.615
71.2393 282.07 -433.615
96.6251 262.186 -414.508
88.5247 263.552 -416.222
80.1401 267.183 -422.202
80.1401 267.183 -422.202
110.808 264.275 -413.452
114.883 265.908 -413.824
73.7828 274.003 -426.666
118.033 267.818 -413.16
71.3989 280.446 -431.37
125.908 281.731 -411.799
100.848 261.556 -410.659
103.775 261.097 -411.774
78.1271 268.369 -422.219
116.11 267.374 -410.995
71.5737 277.82 -429.022
122.48 274.822 -412.013
126.035 282.109 -409.786
89.5812 262.642 -415.183
96.7369 261.553 -412.446
86.53 264.737 -416.234
106.753 262.641 -413.081
108.778 263.458 -413.266
77.0511 269.277 -423.273
89.5812 262.642 -415.183
111.872 264.369 -412.509
114.974 265.279 -411.751
73.9226 273.375 -424.564
117.215 268.468 -410.142
120.331 272.007 -411.642
70.6063 279.102 -428.087
70.6063 279.102 -428.087
70.4283 281.73 -430.434
70.4283 281.73 -430.434
124.814 279.012 -410.472
126.035 282.109 -409.786
84.4051 265.553 -418.219
106.878 263.01 -411.112
112.937 264.462 -411.567
72.6948 274.91 -427.73
123.645 276.917 -411.245
124.814 279.012 -410.472
70.4283 281.73 -430.434
126.035 282.109 -409.786
78.1271 268.369 -422.219
109.966 263.921 -410.354
77.187 268.646 -421.185
72.9774 273.655 -423.523
71.5737 277.82 -429.022
71.8747 275.565 -424.691
120.457 272.381 -409.651
123.772 277.293 -409.242
70.4283 281.73 -430.434
89.5812 262.642 -415.183
95.8036 261.829 -411.42
105.918 262.285 -409.991
110.904 263.645 -411.384
111.998 264.739 -410.536
75.0306 270.463 -423.291
116.11 267.374 -410.995
119.305 270.285 -410.417
70.4283 281.73 -430.434
125.159 281.769 -406.633
80.4042 265.92 -418.043
103.9 261.466 -409.81
79.3342 266.829 -419.088
107.94 263.103 -410.172
77.187 268.646 -421.185
115.134 266.651 -409.868
121.614 274.477 -408.881
70.6063 279.102 -428.087
70.4283 281.73 -430.434
92.8691 261.284 -410.214
96.849 260.919 -410.389
85.5933 264.011 -415.106
102.966 261.742 -408.784
109.029 264.198 -409.324
111.029 264.015 -409.413
75.169 269.833 -421.202
74.0881 270.742 -422.254
111.998 264.739 -410.536
120.457 272.381 -409.651
70.7834 276.472 -425.754
70.6063 279.102 -428.087
70.6063 279.102 -428.087
122.776 276.573 -408.107
122.776 276.573 -408.107
70.4283 281.73 -430.434
104.982 262.561 -408.964
78.2618 267.738 -420.135
77.3224 268.015 -419.102
114.159 265.927 -408.744
118.486 270.937 -407.392
120.457 272.381 -409.651
69.6377 280.386 -427.15
123.942 278.67 -407.328
124.986 280.39 -408.555
70.4283 281.73 -430.434
125.159 281.769 -406.633
87.7095 262.191 -413.032
78.4039 266.103 -417.954
77.3224 268.015 -419.102
76.2468 268.924 -420.151
110.092 264.291 -408.384
75.169 269.833 -421.202
116.236 267.745 -409.015
119.47 271.659 -408.52
70.7834 276.472 -425.754
125.159 281.769 -406.633
90.76 262.102 -412.182
84.7851 262.65 -411.919
108.065 263.473 -408.204
109.154 264.568 -407.354
72.0475 272.931 -422.378
72.0475 272.931 -422.378
120.624 273.756 -407.749
69.818 277.755 -424.818
125.159 281.769 -406.633
86.7769 262.467 -412.007
100.023 261.197 -407.58
82.5333 265.104 -416.058
102.033 262.017 -407.758
79.4666 266.197 -417.011
76.3939 267.29 -417.968
74.2276 270.111 -420.166
114.159 265.927 -408.744
69.6377 280.386 -427.15
69.6377 280.386 -427.15
125.159 281.769 -406.633
69.6377 280.386 -427.15
125.159 281.769 -406.633
87.8323 261.556 -410.975
94.9727 260.466 -408.249
103.091 262.11 -406.82
107.128 263.749 -407.176
76.3939 267.29 -417.968
74.2276 270.111 -420.166
110.246 265.664 -406.502
72.0475 272.931 -422.378
70.944 274.842 -423.542
69.818 277.755 -424.818
68.6664 281.67 -426.211
97.9072 261.012 -409.453
81.7313 263.743 -412.866
79.5998 265.563 -414.941
104.173 263.206 -405.971
76.3939 267.29 -417.968
109.154 264.568 -407.354
74.3796 268.477 -417.981
110.246 265.664 -406.502
121.909 276.228 -404.976
68.6664 281.67 -426.211
88.8896 261.649 -410.038
91.9371 261.559 -409.189
92.9945 261.652 -408.252
72.2047 271.298 -420.182
115.419 268.395 -406.001
70.944 274.842 -423.542
69.9803 276.125 -422.606
118.65 272.312 -405.492
118.486 270.937 -407.392
121.909 276.228 -404.976
68.8322 280.041 -423.988
124.284 281.427 -403.487
124.284 281.427 -403.487
96.0296 260.559 -407.314
100.023 261.197 -407.58
103.091 262.11 -406.82
106.168 263.023 -406.06
109.154 264.568 -407.354
112.248 265.48 -406.591
114.444 267.671 -404.88
71.1036 273.21 -421.339
116.559 270.493 -405.229
68.6664 281.67 -426.211
68.6664 281.67 -426.211
84.7851 262.65 -411.919
74.5183 267.844 -415.905
108.217 264.845 -406.324
74.3796 268.477 -417.981
113.345 266.575 -405.737
71.1036 273.21 -421.339
70.1425 274.493 -420.404
118.65 272.312 -405.492
69.9803 276.125 -422.606
121.909 276.228 -404.976
76.5301 266.657 -415.893
107.254 264.119 -405.208
110.246 265.664 -406.502
109.307 265.941 -405.471
119.762 273.408 -404.629
68.8322 280.041 -423.988
68.8322 280.041 -423.988
68.6664 281.67 -426.211
87.9545 260.921 -408.922
84.9111 262.014 -409.863
83.8526 262.925 -410.894
101.205 261.658 -404.682
103.217 262.479 -404.857
108.342 265.215 -404.354
112.405 266.853 -404.705
71.2468 272.58 -419.248
117.666 271.589 -404.368
121.125 277.886 -402.018
68.8322 280.041 -423.988
123.285 280.706 -402.355
124.284 281.427 -403.487
89.0106 261.013 -407.986
97.0858 260.652 -406.378
75.6051 265.93 -414.766
74.5183 267.844 -415.905
73.4409 268.754 -416.949
111.435 266.127 -403.588
71.2468 272.58 -419.248
119.928 274.784 -402.722
68.8322 280.041 -423.988
122.288 279.986 -401.226
68.8322 280.041 -423.988
96.1548 260.927 -405.355
81.8616 263.108 -410.807
99.1987 260.837 -404.507
107.254 264.119 -405.208
72.5028 269.031 -415.917
109.433 266.311 -403.499
115.58 269.769 -404.107
69.0155 277.408 -421.669
68.0479 278.692 -420.729
121.125 277.886 -402.018
67.8615 281.326 -423.047
86.0932 261.47 -406.876
93.1104 261.016 -406.202
76.6764 265.019 -413.727
104.276 262.572 -403.919
106.317 264.395 -404.18
112.562 268.226 -402.814
115.741 271.144 -402.209
69.0155 277.408 -421.669
67.8615 281.326 -423.047
122.457 281.365 -399.301
91.1235 261.199 -406.115
78.8049 264.201 -411.752
103.342 262.847 -402.894
108.342 265.215 -404.354
71.4056 270.945 -417.061
70.1425 274.493 -420.404
67.8615 281.326 -423.047
67.8615 281.326 -423.047
67.8615 281.326 -423.047
67.8615 281.326 -423.047
94.2818 260.472 -403.224
100.256 260.929 -403.572
102.388 262.119 -401.785
74.6696 266.206 -413.736
76.8123 264.384 -411.664
107.405 265.491 -403.325
108.468 265.584 -402.385
70.3042 272.859 -418.21
70.3042 272.859 -418.21
114.637 270.047 -403.072
69.18 275.776 -419.467
117.829 272.964 -402.465
120.133 277.164 -400.892
122.288 279.986 -401.226
83.9798 262.289 -408.839
80.9292 263.383 -409.781
98.2677 261.112 -403.484
110.496 266.404 -402.557
69.18 275.776 -419.467
67.8615 281.326 -423.047
121.293 279.264 -400.099
89.1359 261.381 -406.027
101.33 262.026 -402.721
105.483 264.037 -401.102
73.5945 267.117 -414.776
71.5485 270.313 -414.982
110.496 266.404 -402.557
111.591 267.5 -401.699
69.3436 274.142 -417.273
69.3436 274.142 -417.273
122.457 281.365 -399.301
122.457 281.365 -399.301
88.2052 261.656 -405.005
92.3047 261.659 -403.221
96.28 261.294 -403.397
100.38 261.297 -401.614
104.423 263.944 -402.041
73.734 266.483 -412.707
107.504 264.857 -401.273
71.5485 270.313 -414.982
110.496 266.404 -402.557
110.496 266.404 -402.557
70.4489 272.228 -416.126
68.215 277.059 -418.527
116.847 272.241 -401.345
68.215 277.059 -418.527
67.8615 281.326 -423.047
91.2487 261.566 -404.157
81.0596 262.747 -407.728
97.336 261.387 -402.461
80.0024 262.654 -408.664
73.734 266.483 -412.707
67.0783 279.976 -419.787
86.2185 261.838 -404.917
72.7992 266.759 -411.679
71.5485 270.313 -414.982
108.593 265.954 -400.415
109.558 266.681 -401.527
70.4489 272.228 -416.126
112.687 268.597 -400.838
118.119 274.714 -398.569
67.0783 279.976 -419.787
67.0783 279.976 -419.787
120.427 278.917 -396.976
121.461 280.643 -398.176
121.461 280.643 -398.176
95.3484 261.569 -402.373
99.4494 261.572 -400.591
78.0142 262.836 -408.577
104.549 264.313 -400.076
105.609 264.405 -399.137
107.504 264.857 -401.273
71.5485 270.313 -414.982
70.6091 270.591 -413.948
69.5075 272.506 -415.09
116.973 272.613 -399.359
67.0783 279.976 -419.787
121.461 280.643 -398.176
91.3672 260.929 -402.115
76.0267 263.018 -408.49
72.7992 266.759 -411.679
108.719 266.324 -398.446
67.0783 279.976 -419.787
67.0783 279.976 -419.787
121.461 280.643 -398.176
121.461 280.643 -398.176
92.422 261.021 -401.18
96.5306 262.029 -399.481
98.5177 261.847 -399.568
100.505 261.665 -399.655
103.592 263.584 -398.969
109.684 267.051 -399.556
113.913 270.066 -397.997
68.381 275.425 -416.334
119.271 276.815 -397.775
119.271 276.815 -397.775
121.629 282.023 -396.249
86.3418 260.195 -402.79
82.2493 261.197 -404.656
79.2114 261.286 -405.504
102.514 262.487 -399.825
106.694 265.503 -398.279
109.684 267.051 -399.556
70.6091 270.591 -413.948
68.381 275.425 -416.334
112.845 269.972 -398.941
115.048 272.167 -397.207
68.381 275.425 -416.334
67.2479 278.343 -417.585
81.1946 261.104 -405.591
101.581 262.762 -398.801
74.026 264.206 -408.495
104.777 264.045 -396.069
71.7065 268.675 -412.811
70.7698 268.952 -411.781
68.381 275.425 -416.334
117.172 274.994 -397.529
119.271 276.815 -397.775
67.0783 279.976 -419.787
68.0479 278.692 -420.729
119.475 279.198 -395.931
72.9539 265.118 -409.525
105.734 264.774 -397.173
106.694 265.503 -398.279
108.844 266.693 -396.477
67.2479 278.343 -417.585
117.299 275.367 -395.54
120.674 282.305 -395.2
83.4321 260.65 -401.683
82.2493 261.197 -404.656
95.7249 262.671 -396.501
71.8643 267.035 -410.651
70.7698 268.952 -411.781
69.6704 270.868 -412.915
118.486 278.474 -394.813
100.649 263.037 -397.777
105.734 264.774 -397.173
68.5662 272.784 -414.054
110.903 268.519 -396.72
112.971 270.343 -396.964
67.4364 275.704 -415.294
67.0783 279.976 -419.787
67.0783 279.976 -419.787
120.674 282.305 -395.2
89.5028 260.472 -399.99
99.6996 262.307 -396.676
97.7119 262.489 -396.588
70.9294 267.312 -409.622
106.82 265.872 -396.312
70.7698 268.952 -411.781
68.5662 272.784 -414.054
115.209 273.544 -395.3
67.2479 278.343 -417.585
119.641 280.577 -394.007
87.5183 259.648 -399.822
90.6819 260.931 -397.105
76.1629 262.381 -406.441
101.706 263.13 -396.841
101.706 263.13 -396.841
105.734 264.774 -397.173
67.0783 279.976 -419.787
67.0783 279.976 -419.787
119.641 280.577 -394.007
86.4671 260.561 -400.836
82.5041 260.925 -400.663
78.2822 261.561 -404.483
100.649 263.037 -397.777
75.2331 262.656 -405.418
101.706 263.13 -396.841
70.7698 268.952 -411.781
106.82 265.872 -396.312
106.82 265.872 -396.312
69.8323 269.229 -410.749
68.7122 272.151 -411.976
109.935 267.791 -395.613
67.6048 274.067 -413.114
114.072 271.441 -396.095
116.351 275.647 -394.501
119.641 280.577 -394.007
77.3537 261.835 -403.462
99.8249 262.674 -394.718
101.832 263.498 -394.881
103.843 264.32 -395.045
72.021 265.394 -408.498
71.0722 266.675 -407.563
67.0783 279.976 -419.787
67.0783 279.976 -419.787
118.65 279.854 -392.89
89.6279 260.839 -398.037
98.7684 262.582 -395.653
73.0943 264.481 -407.47
104.925 265.419 -394.183
106.009 266.517 -393.318
108.997 268.068 -394.584
68.7122 272.151 -411.976
67.4364 275.704 -415.294
67.2479 278.343 -417.585
119.641 280.577 -394.007
85.5387 259.829 -399.735
100.9 263.773 -393.858
101.957 263.865 -392.922
103.843 264.32 -395.045
108.033 267.339 -393.48
69.6704 270.868 -412.915
111.029 268.889 -394.747
112.124 269.987 -393.878
113.255 272.091 -393.081
67.4364 275.704 -415.294
117.662 279.129 -391.775
93.7278 261.847 -396.336
96.7814 262.764 -395.566
104.925 265.419 -394.183
110.089 269.166 -393.716
67.6048 274.067 -413.114
67.4364 275.704 -415.294
114.357 273.19 -392.208
67.2479 278.343 -417.585
67.2479 278.343 -417.585
116.478 276.02 -392.512
67.2479 278.343 -417.585
67.0783 279.976 -419.787
67.0783 279.976 -419.787
67.0783 279.976 -419.787
118.65 279.854 -392.89
118.65 279.854 -392.89
80.5226 261.106 -400.576
74.304 262.93 -404.397
72.1627 264.757 -406.445
69.8323 269.229 -410.749
109.123 268.438 -392.613
68.7122 272.151 -411.976
112.313 272.369 -392.047
67.4364 275.704 -415.294
87.6436 260.014 -397.871
83.685 260.377 -397.698
91.7359 261.023 -396.172
77.4881 261.195 -401.423
96.9067 263.131 -393.609
72.3186 263.112 -404.31
102.91 264.596 -394.02
71.0722 266.675 -407.563
69.8323 269.229 -410.749
111.184 270.265 -392.847
67.4364 275.704 -415.294
67.2479 278.343 -417.585
115.692 277.678 -389.553
118.854 282.239 -391.032
88.8214 260.472 -394.99
94.9084 262.307 -393.448
69.9945 267.588 -408.594
109.123 268.438 -392.613
68.7122 272.151 -411.976
67.0783 279.976 -419.787
117.863 281.515 -389.917
117.863 281.515 -389.917
79.7273 260.739 -397.525
74.304 262.93 -404.397
103.036 264.964 -392.059
71.0722 266.675 -407.563
68.8772 270.512 -409.811
108.033 267.339 -393.48
108.158 267.709 -391.512
109.248 268.808 -390.642
117.863 281.515 -389.917
85.789 259.554 -395.758
76.5608 261.469 -400.403
99.95 263.041 -392.761
71.0722 266.675 -407.563
105.05 265.787 -392.219
69.9945 267.588 -408.594
107.071 266.61 -392.38
106.26 267.255 -389.387
68.8772 270.512 -409.811
67.6048 274.067 -413.114
113.572 274.846 -389.259
67.4364 275.704 -415.294
67.0783 279.976 -419.787
103.036 264.964 -392.059
101.025 264.14 -391.899
103.036 264.964 -392.059
105.176 266.156 -390.256
108.158 267.709 -391.512
68.7122 272.151 -411.976
67.6048 274.067 -413.114
116.875 280.79 -388.805
117.863 281.515 -389.917
69.0597 267.864 -407.565
106.135 266.886 -391.353
68.8772 270.512 -409.811
111.466 272.012 -388.965
67.6048 274.067 -413.114
114.55 275.573 -390.365
66.2789 279.628 -416.641
66.2789 279.628 -416.641
115.854 279.058 -387.629
116.875 280.79 -388.805
82.7612 259.643 -396.602
95.0337 262.674 -391.493
99.1288 262.676 -389.714
73.3877 262.198 -403.289
71.247 264.026 -405.333
103.181 266.339 -390.168
69.0597 267.864 -407.565
107.347 268.354 -388.516
108.284 268.078 -389.544
114.55 275.573 -390.365
116.875 280.79 -388.805
84.8627 259.828 -394.74
93.0401 261.848 -391.334
89.999 260.93 -392.108
98.0737 262.584 -390.647
101.151 264.508 -389.941
70.1386 266.951 -406.536
67.9391 270.789 -408.779
68.8772 270.512 -409.811
114.711 276.952 -388.447
65.5261 277.268 -413.312
66.2789 279.628 -416.641
66.2789 279.628 -416.641
116.875 280.79 -388.805
116.875 280.79 -388.805
116.875 280.79 -388.805
75.6335 261.743 -399.384
96.0888 262.766 -390.56
71.3895 263.387 -403.288
70.3 265.307 -404.397
70.3 265.307 -404.397
101.151 264.508 -389.941
106.26 267.255 -389.387
66.6414 275.351 -412.171
112.755 275.497 -386.24
113.731 276.225 -387.342
117.002 281.165 -386.808
86.9648 260.012 -392.879
86.9648 260.012 -392.879
99.1288 262.676 -389.714
100.344 265.15 -386.959
102.227 265.607 -389.073
70.1386 266.951 -406.536
104.367 266.8 -387.267
108.437 269.454 -387.644
107.347 268.354 -388.516
67.7526 273.434 -411.035
110.496 271.284 -387.866
114.871 278.331 -386.524
78.8005 261.013 -396.507
91.0516 261.022 -391.176
73.5136 262.565 -401.333
100.201 263.776 -388.849
70.3 265.307 -404.397
102.353 265.975 -387.113
102.479 266.343 -385.153
104.367 266.8 -387.267
68.1058 269.147 -406.626
67.9391 270.789 -408.779
110.496 271.284 -387.866
113.891 277.604 -385.42
65.3304 279.908 -415.597
65.3304 279.908 -415.597
114.871 278.331 -386.524
116.016 280.438 -385.701
117.002 281.165 -386.808
81.9607 260.282 -393.637
76.6867 261.836 -398.451
97.1438 262.858 -389.626
98.1988 262.951 -388.693
105.45 267.9 -386.395
66.8113 273.713 -410
109.528 270.554 -386.769
116.016 280.438 -385.701
116.016 280.438 -385.701
77.7399 261.928 -397.518
93.1561 261.207 -389.313
95.1477 262.033 -389.47
99.2704 264.05 -387.827
69.1872 268.234 -405.597
105.6 269.276 -384.494
107.499 269.731 -386.615
109.682 271.931 -384.861
110.651 272.661 -385.957
65.5261 277.268 -413.312
116.016 280.438 -385.701
79.8531 261.105 -395.576
89.0676 260.196 -391.018
74.7063 262.017 -398.365
97.2694 263.225 -387.673
71.516 263.754 -401.331
69.3684 265.582 -403.372
68.1058 269.147 -406.626
66.9807 272.072 -407.838
108.589 270.831 -385.739
66.8113 273.713 -410
65.6988 275.63 -411.134
112.913 276.876 -384.32
65.3304 279.908 -415.597
65.3304 279.908 -415.597
78.9263 261.379 -394.557
95.2733 262.399 -387.519
72.5858 262.839 -400.313
103.433 267.075 -386.242
66.9807 272.072 -407.838
115.032 279.712 -384.597
115.032 279.712 -384.597
82.0864 260.648 -391.69
89.1931 260.562 -389.071
70.4431 264.668 -402.35
69.3684 265.582 -403.372
107.625 270.1 -384.646
65.6988 275.63 -411.134
81.0358 260.555 -392.621
86.1646 260.651 -389.915
77.8744 261.287 -395.489
77.8744 261.287 -395.489
90.3695 261.019 -386.195
68.2523 268.51 -404.569
103.559 267.444 -384.28
66.9807 272.072 -407.838
106.813 270.746 -381.648
110.807 274.039 -384.043
64.5575 278.553 -412.366
65.3304 279.908 -415.597
115.032 279.712 -384.597
78.9263 261.379 -394.557
77.8744 261.287 -395.489
73.9186 261.649 -395.317
71.6424 264.121 -399.374
98.3397 264.325 -386.806
99.3958 264.417 -385.871
66.9807 272.072 -407.838
65.8484 274.997 -409.055
65.8484 274.997 -409.055
109.991 274.688 -381.032
114.21 280.365 -381.565
64.5575 278.553 -412.366
64.5575 278.553 -412.366
78.9263 261.379 -394.557
71.6424 264.121 -399.374
95.3983 262.765 -385.567
70.5701 265.036 -400.391
69.4953 265.95 -401.411
68.2523 268.51 -404.569
67.1499 270.43 -405.685
109.865 274.317 -383.01
64.7322 276.915 -410.188
63.5871 279.838 -411.418
97.3947 263.591 -385.719
99.5382 265.793 -383.979
66.2137 270.707 -404.655
66.042 272.35 -406.805
63.5871 279.838 -411.418
115.193 281.093 -382.666
84.1898 259.823 -389.759
88.2671 260.835 -388.055
68.4182 266.865 -402.432
67.318 268.786 -403.541
100.613 266.894 -383.106
102.625 267.719 -383.255
104.789 269.922 -381.5
64.9071 275.275 -408.02
114.21 280.365 -381.565
82.2153 260.004 -389.673
75.1082 261.098 -392.363
71.7843 263.48 -397.339
69.6396 265.311 -399.368
68.5449 267.233 -400.468
67.318 268.786 -403.541
101.817 268.363 -380.269
102.771 269.096 -381.353
103.854 270.197 -380.474
107.929 272.856 -380.826
64.9071 275.275 -408.02
109.049 274.966 -379.999
63.5871 279.838 -411.418
63.5871 279.838 -411.418
112.094 277.527 -381.298
78.1347 261.01 -391.519
85.3646 260.28 -386.885
93.4166 262.947 -385.481
97.5201 263.958 -383.766
68.4182 266.865 -402.432
98.7321 266.435 -381
67.4659 268.148 -401.49
66.2137 270.707 -404.655
106.989 273.133 -379.796
64.1416 273.911 -404.827
109.204 276.346 -378.078
63.7642 278.2 -409.24
113.23 279.637 -380.466
114.21 280.365 -381.565
73.0072 260.914 -394.225
98.5908 265.059 -382.895
105.876 271.023 -380.62
104.938 271.299 -379.592
112.252 278.908 -379.371
114.21 280.365 -381.565
80.2417 260.185 -389.587
92.4801 262.212 -384.398
70.8564 263.754 -396.319
97.5201 263.958 -383.766
98.5908 265.059 -382.895
66.3626 270.069 -402.598
105.876 271.023 -380.62
107.141 274.512 -377.878
63.7642 278.2 -409.24
63.5871 279.838 -411.418
113.23 279.637 -380.466
81.2916 260.277 -388.658
95.5359 264.14 -383.679
68.6911 266.594 -398.425
97.6605 265.333 -381.874
67.6132 267.509 -399.444
67.4659 268.148 -401.49
65.2545 271.991 -403.71
112.252 278.908 -379.371
83.5185 259.816 -384.792
78.2681 260.366 -389.501
90.4946 261.384 -384.248
71.0156 262.104 -394.214
99.7892 266.527 -380.064
66.5111 269.431 -400.545
65.2545 271.991 -403.71
103.98 270.566 -378.508
62.7943 279.486 -408.29
111.305 279.187 -378.333
62.7943 279.486 -408.29
113.23 279.637 -380.466
87.5895 260.829 -383.083
86.5398 260.737 -384.012
68.8367 265.953 -396.387
69.9286 264.029 -395.298
96.7296 265.608 -380.853
97.8005 266.71 -379.978
66.3626 270.069 -402.598
65.4046 271.354 -401.652
103.98 270.566 -378.508
65.4046 271.354 -401.652
105.214 273.048 -375.709
107.268 274.883 -375.904
62.9983 276.839 -406.034
111.305 279.187 -378.333
112.252 278.908 -379.371
77.3445 260.639 -388.487
73.133 261.279 -392.278
90.4946 261.384 -384.248
91.5458 261.476 -383.318
88.6439 261.93 -382.216
94.7328 264.78 -380.707
67.6132 267.509 -399.444
95.7993 265.882 -379.832
100.883 268.638 -379.244
101.027 270.016 -377.339
103.043 270.843 -377.481
62.7943 279.486 -408.29
62.7943 279.486 -408.29
111.305 279.187 -378.333
79.4436 260.823 -386.628
91.6788 262.851 -381.433
99.0159 269.189 -377.197
63.2022 274.189 -403.793
106.177 273.78 -376.793
63.2022 274.189 -403.793
111.305 279.187 -378.333
74.3219 260.727 -389.33
72.2082 261.552 -391.261
92.7399 263.953 -380.561
67.9068 266.228 -395.365
66.6602 268.792 -398.498
65.5549 270.715 -399.599
61.8483 279.766 -407.249
109.33 276.717 -376.099
61.8483 279.766 -407.249
111.433 279.56 -376.348
111.433 279.56 -376.348
90.7521 263.124 -380.416
68.9823 265.311 -394.354
104.128 271.945 -376.597
62.0563 277.118 -404.998
82.467 260.734 -385.785
67.7399 267.877 -397.48
96.9955 267.351 -377
63.3803 272.545 -401.648
103.191 272.221 -375.569
62.2372 275.474 -402.844
61.8483 279.766 -407.249
61.8483 279.766 -407.249
111.433 279.56 -376.348
111.433 279.56 -376.348
84.6918 261.282 -381.983
86.6656 261.102 -382.069
66.8081 268.152 -396.455
66.6602 268.792 -398.498
65.5549 270.715 -399.599
102.361 271.856 -372.525
63.3803 272.545 -401.648
107.394 275.253 -373.93
62.0563 277.118 -404.998
61.0862 278.404 -404.046
111.433 279.56 -376.348
78.5198 261.095 -385.614
79.5757 260.177 -384.62
75.4972 261.184 -386.457
71.2841 261.825 -390.245
91.8123 264.226 -379.543
66.8081 268.152 -396.455
93.8032 265.055 -379.687
94.9958 266.523 -376.858
65.7272 269.068 -397.472
63.5329 271.907 -399.593
63.5329 271.907 -399.593
61.2972 275.752 -401.81
62.0563 277.118 -404.998
60.8751 281.053 -406.296
110.458 278.829 -375.258
60.8751 281.053 -406.296
81.6727 260.361 -382.765
73.3848 262.01 -388.384
70.1987 263.752 -391.319
87.8439 262.569 -379.255
93.9395 266.431 -377.792
65.8771 268.427 -395.432
100.075 269.282 -376.259
106.303 274.15 -374.821
109.457 277.089 -374.12
111.589 280.942 -374.413
81.6727 260.361 -382.765
82.7212 260.453 -381.837
76.4209 260.911 -387.472
66.9777 266.502 -394.343
65.8771 268.427 -395.432
65.7272 269.068 -397.472
64.7709 270.352 -396.524
64.62 270.992 -398.571
101.28 270.753 -373.413
63.5329 271.907 -399.593
105.341 273.417 -373.74
106.429 274.52 -372.849
61.0862 278.404 -404.046
61.0862 278.404 -404.046
60.8751 281.053 -406.296
77.6054 260.358 -384.535
89.8259 263.398 -379.399
68.2199 263.933 -391.234
91.9381 264.592 -377.594
65.7272 269.068 -397.472
63.8372 270.628 -395.497
98.1935 268.822 -374.161
103.444 272.959 -371.635
61.0862 278.404 -404.046
60.1148 279.691 -403.092
110.613 280.211 -373.325
71.4103 262.191 -388.299
90.8779 263.49 -378.468
109.612 278.47 -372.19
60.1148 279.691 -403.092
110.613 280.211 -373.325
83.8934 261.92 -379.026
86.9191 262.841 -378.24
64.9453 268.703 -394.407
94.0654 266.798 -375.838
95.2591 268.268 -373.001
97.2611 269.097 -373.138
62.5974 272.183 -398.564
60.3289 277.039 -400.857
107.546 276.634 -372.005
60.1148 279.691 -403.092
60.1148 279.691 -403.092
80.7501 260.633 -381.752
74.5742 261.457 -385.443
69.4173 263.382 -388.282
69.2727 264.026 -390.301
89.9517 263.763 -377.452
89.0248 264.036 -376.435
92.0716 265.969 -375.697
62.7507 271.544 -396.515
61.4797 274.107 -399.668
60.5416 274.384 -398.635
104.529 274.063 -370.743
60.1148 279.691 -403.092
108.668 278.748 -371.156
80.9964 262.373 -377.926
68.3467 264.299 -389.283
66.1751 267.144 -391.363
91.1432 266.243 -374.679
92.206 267.346 -373.798
63.8372 270.628 -395.497
99.3947 270.293 -371.316
60.1148 279.691 -403.092
59.1709 279.97 -402.053
60.1148 279.691 -403.092
110.613 280.211 -373.325
91.0104 264.866 -376.576
93.2616 267.439 -372.864
62.7507 271.544 -396.515
99.3947 270.293 -371.316
61.6612 272.46 -397.534
60.5416 274.384 -398.635
104.529 274.063 -370.743
105.49 274.797 -371.82
106.581 275.901 -370.926
59.3581 278.326 -399.902
59.1709 279.97 -402.053
109.795 280.863 -370.304
72.5866 262.648 -385.423
67.2525 266.227 -390.357
66.1751 267.144 -391.363
63.9895 269.988 -393.456
59.3581 278.326 -399.902
105.641 276.178 -369.895
108.668 278.748 -371.156
109.795 280.863 -370.304
76.8083 260.994 -381.581
72.7276 262.002 -383.414
72.5866 262.648 -385.423
86.2466 264.856 -373.387
69.544 263.747 -386.334
97.3877 269.464 -371.181
61.7893 272.83 -395.563
100.615 272.776 -368.509
102.506 273.236 -370.608
59.5752 275.67 -397.683
107.699 278.016 -370.076
59.1709 279.97 -402.053
59.1709 279.97 -402.053
75.7493 261.913 -382.57
74.7003 261.821 -383.5
84.1439 263.66 -375.194
90.0829 265.139 -375.558
65.0959 268.061 -392.372
95.3852 268.635 -371.046
60.6979 273.746 -396.582
103.591 274.34 -369.715
59.1709 279.97 -402.053
59.1709 279.97 -402.053
109.795 280.863 -370.304
107.699 278.016 -370.076
109.795 280.863 -370.304
79.9469 262.281 -378.855
65.2229 268.429 -390.412
62.9042 270.904 -394.471
62.9042 270.904 -394.471
98.4614 270.568 -370.293
58.1962 281.258 -401.096
106.757 278.293 -369.043
58.1962 281.258 -401.096
108.822 280.131 -369.221
73.9163 261.447 -380.483
75.8864 261.267 -380.568
88.1021 265.321 -375.472
69.6705 264.112 -384.386
64.1412 269.346 -391.42
64.1412 269.346 -391.42
62.9042 270.904 -394.471
63.0317 271.273 -392.504
96.4551 269.739 -370.158
61.9439 272.19 -393.518
59.5752 275.67 -397.683
102.633 273.605 -368.641
58.1962 281.258 -401.096
58.1962 281.258 -401.096
108.822 280.131 -369.221
109.795 280.863 -370.304
68.4733 264.665 -387.333
67.5266 265.95 -386.381
67.379 266.594 -388.401
89.1559 265.413 -374.541
66.3021 267.511 -389.406
61.9439 272.19 -393.518
59.7327 275.032 -395.628
101.697 273.881 -367.615
104.7 276.455 -368.864
71.8046 262.274 -382.4
90.2148 266.517 -373.661
91.2763 267.62 -372.778
94.4547 268.909 -370.025
63.0317 271.273 -392.504
99.6637 272.04 -367.44
58.6061 276.957 -396.727
58.3859 279.613 -398.945
105.814 278.571 -368.01
105.814 278.571 -368.01
77.0605 261.722 -377.7
67.5266 265.95 -386.381
66.451 266.868 -387.381
89.2865 266.79 -372.642
66.451 266.868 -387.381
65.3728 267.786 -388.384
92.3325 267.713 -371.845
63.1846 270.632 -390.467
60.9824 273.476 -392.563
101.697 273.881 -367.615
59.7327 275.032 -395.628
103.739 275.721 -367.79
58.1962 281.258 -401.096
58.3859 279.613 -398.945
106.909 279.676 -367.109
108.822 280.131 -369.221
81.1224 262.737 -375.984
82.1719 262.829 -375.056
71.8046 262.274 -382.4
88.2282 265.687 -373.523
90.3473 267.894 -371.759
65.3728 267.786 -388.384
64.2687 269.714 -389.459
63.1846 270.632 -390.467
94.5806 269.276 -368.07
62.0719 272.559 -391.549
97.7955 272.591 -365.393
98.5878 270.935 -368.333
59.8611 275.403 -393.653
58.7648 276.319 -394.671
57.6042 279.255 -395.845
57.4117 280.901 -397.985
57.4117 280.901 -397.985
107.852 279.398 -368.143
107.852 279.398 -368.143
76.0122 261.631 -378.628
79.1569 261.906 -375.845
81.1224 262.737 -375.984
72.868 261.355 -381.411
70.7388 263.194 -383.392
70.7388 263.194 -383.392
70.7388 263.194 -383.392
69.6705 264.112 -384.386
69.6705 264.112 -384.386
68.5997 265.031 -385.382
69.6705 264.112 -384.386
69.6705 264.112 -384.386
69.6705 264.112 -384.386
68.5997 265.031 -385.382
68.5997 265.031 -385.382
68.5997 265.031 -385.382
67.5266 265.95 -386.381
67.5266 265.95 -386.381
89.2865 266.79 -372.642
66.451 266.868 -387.381
66.451 266.868 -387.381
65.3728 267.786 -388.384
64.2687 269.714 -389.459
91.4027 267.987 -370.825
92.467 269.091 -369.939
59.8611 275.403 -393.653
100.743 273.145 -366.546
58.7648 276.319 -394.671
58.7648 276.319 -394.671
57.6042 279.255 -395.845
101.843 275.262 -365.691
104.85 277.837 -366.935
57.4117 280.901 -397.985
57.4117 280.901 -397.985
106.909 279.676 -367.109
74.9646 261.539 -379.556
74.9646 261.539 -379.556
73.9163 261.447 -380.483
71.8046 262.274 -382.4
71.8046 262.274 -382.4
89.4078 266.144 -370.644
59.8611 275.403 -393.653
59.8611 275.403 -393.653
59.8611 275.403 -393.653
100.743 273.145 -366.546
58.7648 276.319 -394.671
57.4117 280.901 -397.985
57.4117 280.901 -397.985
106.909 279.676 -367.109
76.0122 261.631 -378.628
73.9163 261.447 -380.483
84.2703 264.025 -373.251
85.3211 265.129 -372.371
98.7296 272.315 -366.417
99.8072 273.42 -365.521
58.7648 276.319 -394.671
57.6042 279.255 -395.845
57.6042 279.255 -395.845
57.6042 279.255 -395.845
57.6042 279.255 -395.845
57.6042 279.255 -395.845
57.6042 279.255 -395.845
57.4117 280.901 -397.985
57.4117 280.901 -397.985
77.0605 261.722 -377.7
82.2984 263.193 -373.114
80.1991 263.01 -374.971
90.5933 267.615 -367.809
93.6507 269.55 -367.05
99.9511 274.802 -363.597
57.4117 280.901 -397.985
105.965 279.954 -366.075
57.4117 280.901 -397.985
80.1991 263.01 -374.971
82.2984 263.193 -373.114
86.4994 265.586 -369.495
87.4278 266.325 -370.558
104.036 278.485 -363.929
105.965 279.954 -366.075
105.965 279.954 -366.075
81.2484 263.102 -374.042
82.2984 263.193 -373.114
83.3454 264.298 -372.236
83.3454 264.298 -372.236
84.3954 265.402 -371.355
88.4807 266.418 -369.627
95.7766 270.748 -365.223
105 279.22 -365.001
105.965 279.954 -366.075
105.965 279.954 -366.075
83.3454 264.298 -372.236
85.4472 265.494 -370.425
91.6555 268.719 -366.921
93.777 269.917 -365.096
101.989 276.644 -363.763
83.3454 264.298 -372.236
86.4994 265.586 -369.495
105.15 280.603 -363.063
105.15 280.603 -363.063
84.3954 265.402 -371.355
85.4472 265.494 -370.425
87.5536 266.691 -368.61
88.4807 266.418 -369.627
93.9032 270.284 -363.142
95.9033 271.115 -363.268
97.922 272.959 -363.432
103.075 277.749 -362.86
86.4994 265.586 -369.495
86.4994 265.586 -369.495
95.7766 270.748 -365.223
103.075 277.749 -362.86
87.5536 266.691 -368.61
87.5536 266.691 -368.61
87.5536 266.691 -368.61
96.9749 272.22 -362.371
101.032 275.907 -362.696
101.032 275.907 -362.696
105.15 280.603 -363.063
105.15 280.603 -363.063
87.5536 266.691 -368.61
87.5536 266.691 -368.61
87.5536 266.691 -368.61
88.6108 267.796 -367.723
90.7262 268.993 -365.902
102.115 277.013 -361.793
104.185 279.868 -361.993
87.5536 266.691 -368.61
88.6108 267.796 -367.723
88.6108 267.796 -367.723
88.6108 267.796 -367.723
98.049 273.326 -361.472
100.078 275.17 -361.632
98.1758 273.694 -359.512
102.115 277.013 -361.793
104.185 279.868 -361.993
105.15 280.603 -363.063
105.15 280.603 -363.063
89.6655 267.888 -366.791
89.6655 267.888 -366.791
92.9732 270.558 -362.122
101.177 277.29 -360.765
104.185 279.868 -361.993
104.185 279.868 -361.993
89.6655 267.888 -366.791
91.782 269.086 -364.969
90.7262 268.993 -365.902
90.8527 269.36 -363.95
90.8527 269.36 -363.95
100.204 275.539 -359.668
101.177 277.29 -360.765
103.222 279.133 -360.924
103.222 279.133 -360.924
104.185 279.868 -361.993
90.7262 268.993 -365.902
91.9163 270.465 -363.056
100.204 275.539 -359.668
103.222 279.133 -360.924
91.9163 270.465 -363.056
92.9732 270.558 -362.122
92.9732 270.558 -362.122
92.9732 270.558 -362.122
95.0983 271.756 -360.291
94.0299 270.65 -361.189
94.0299 270.65 -361.189
95.0983 271.756 -360.291
94.1667 272.031 -359.27
95.2362 273.138 -358.369
96.169 272.863 -359.391
99.2521 274.801 -358.608
101.177 277.29 -360.765
101.177 277.29 -360.765
92.9732 270.558 -362.122
94.0299 270.65 -361.189
98.3177 275.076 -357.585
101.305 277.659 -358.797
94.1667 272.031 -359.27
96.169 272.863 -359.391
97.2422 273.969 -358.489
94.1667 272.031 -359.27
94.1667 272.031 -359.27
95.2362 273.138 -358.369
98.3177 275.076 -357.585
96.2958 273.23 -357.434
96.2958 273.23 -357.434
96.2958 273.23 -357.434
95.2362 273.138 -358.369
95.2362 273.138 -358.369
95.2362 273.138 -358.369
96.2958 273.23 -357.434
97.2422 273.969 -358.489
98.3177 275.076 -357.585
96.2958 273.23 -357.434
96.2958 273.23 -357.434
96.2958 273.23 -357.434
96.2958 273.23 -357.434
