-14.4797 166.619 -568.769
-24.5547 177.597 -567.063
-28.165 183.181 -567.655
-19.3968 170.617 -568.915
-23.24 175.197 -567.985
-36.2852 191.297 -567.096
19.8379 162.269 -566.312
-17.7979 169.452 -566.873
-41.3105 196.172 -566.566
3.54053 161.079 -564.539
-10.2773 164.793 -566.289
8.49951 160.802 -567.089
-4.0647 162.086 -564.669
-16.0151 167.442 -563.608
-19.4766 170.623 -565.373
-26.687 181.09 -567.265
-31.3638 187.126 -565.903
-7.80957 163.262 -562.689
23.2682 163.768 -565.694
-20.4688 171.561 -564.203
10.4512 161.057 -564.191
0.698242 161.835 -563.785
-27.75 182.405 -563.59
-45.6104 200.535 -562.502
-46.4048 201.972 -564.948
6.72009 161.052 -563.301
-12.2486 165.456 -564.313
-23.0939 174.315 -564.332
-24.8647 177.19 -562.239
-29.5859 184.595 -564.417
12.5801 161.715 -562.156
25.9756 166.872 -557.52
26.7752 166.104 -563.118
28.2554 167.437 -561.335
-17.7422 168.813 -560.836
34.5055 172.489 -562.094
-32.1797 187.215 -562.833
-37.9844 192.78 -563.091
-42.067 196.195 -563.27
5.18652 161.837 -560.425
16.6445 162.224 -561.465
-14.6582 166.548 -561.769
-19.5938 170.401 -559.358
-22.2764 173.078 -559.7
-46.7704 201.898 -560.182
12.043 161.896 -560.202
-3.21387 161.999 -560.688
31.3717 169.74 -561.159
32.3356 170.86 -560.398
-30.7316 185.511 -557.381
17.8291 163.145 -558.875
-12.2344 165.294 -556.723
34.6851 174.143 -557.672
-23.4312 174.488 -559.244
-25.932 178.332 -560.026
-28.3629 182.762 -559.739
44.2852 187.316 -556.918
51.0693 200.21 -556.156
-15.4067 166.63 -558.043
36.4909 176.208 -557.818
38.9844 179.538 -556.746
-33.2306 187.951 -557.547
-42.084 195.801 -559.548
-44.7578 198.454 -557.928
-1.12012 161.94 -554.66
-5.16797 162.794 -557.156
31.1328 171.175 -555.844
33.3449 173.05 -556.721
-24.5938 175.971 -557.722
-27.1265 178.501 -555.148
-28.6606 182.249 -556.502
41.1318 181.947 -558.115
42.1917 183.514 -558.064
46.1328 190.147 -557.453
-38.8467 191.835 -555.277
-16.8257 167.483 -554.845
-21.7074 171.928 -557.756
-23.6602 173.674 -555.579
43.125 186.562 -554.047
-41.4389 194.017 -555.059
-44.2781 197.155 -555.713
-46.3721 200.72 -556.641
8.94141 162.091 -555.934
-20.965 170.688 -555.231
41.0364 183.028 -555.024
46.5275 191.301 -555.478
47.8382 193.377 -555.564
-46.8356 201.476 -557.11
3.10938 162.018 -552.576
10.9609 163.22 -551.922
35.7738 176.389 -554.678
49.3291 197.637 -551.906
-47.3349 202.069 -556.726
-47.427 201.929 -555.709
-1.28565 162.091 -552.244
-7.56885 163.223 -552.24
20.6386 165.571 -554.122
-15.2871 166.325 -552.509
29.2266 170.162 -553.914
33.3711 173.736 -554.117
-28.9297 180.343 -551.231
46.4375 192.13 -552.527
-47.8184 201.755 -553.668
-4.27148 162.809 -552.951
-11.1562 164.494 -551.996
19.3203 166.062 -549.875
23.2344 166.697 -552.906
30.8083 171.77 -552.846
-25.4028 174.802 -552.378
34.1037 174.832 -553.105
38.283 179.613 -553.881
41.5977 185.105 -551.832
-34.3242 186.295 -551.352
44.0078 188.34 -551.969
-47.167 199.67 -551.386
51.373 203.193 -554.278
51.089 202.645 -553.714
50.9042 202.707 -552.805
27.0467 168.761 -553.726
25.3088 168.642 -550.933
-23.8535 172.326 -551.369
-26.5149 176.605 -552.735
36.8651 178.46 -552.027
37.9436 181.586 -547.847
-31.4336 183.993 -552.35
7.0625 162.875 -550.824
-16.4077 166.711 -551.112
-21.187 169.562 -550.679
27.3769 169.654 -551.443
33.008 173.918 -552.386
33.1406 174.663 -550.586
-32.2617 183.453 -548.907
-37.503 189.218 -550.927
-39.3418 190.635 -549.911
46.4301 193.845 -549.054
-48.189 201.566 -551.626
50.4167 203.213 -550.226
50.8377 203.095 -552.185
-2.33691 162.841 -549.604
1.52808 162.831 -548.16
28.1479 171.004 -549.306
-27.3164 175.368 -548.225
34.7578 177.621 -547.656
-45.2065 196.05 -548.317
-48.3336 201.099 -550.018
-6.72437 163.019 -548.648
8.46155 163.285 -549.523
-10.6504 164.162 -547.39
22.6455 167.666 -548.659
30.4218 172.743 -549.096
-26.7256 174.293 -547.267
44.9621 191.473 -548.287
-41.4971 191.95 -548.482
50.1401 202.57 -549.606
50.0212 202.549 -548.585
11.0729 164.174 -548.176
25.6442 170.038 -546.826
-23.2366 170.249 -546.622
39.5062 183.581 -548.288
40.0895 184.509 -547.635
42.0935 186.865 -548.398
-36.1239 187.06 -548.564
-38.2225 188.01 -546.746
46.3648 194.876 -545.742
-48.6699 200.892 -548.343
4.05469 163.07 -546.336
21.533 167.438 -547.641
-21.4983 168.804 -546.442
29.2133 172.79 -546.258
41.0065 185.847 -547.047
-40.0644 189.686 -546.66
44.9584 192.241 -546.508
-17.6992 166.545 -546.645
12.8375 165.508 -544.33
23.2578 168.914 -545.688
-29.3208 177.377 -545.597
-35.8353 185.797 -546.591
42.8782 190.075 -544.389
-41.5872 191.217 -546.283
-45.0259 194.73 -545.813
-47.7656 198.045 -545.293
49.6175 202.183 -546.25
-49.2138 201.603 -547.466
-49.0504 201.597 -548.143
49.8861 202.99 -547.115
-1.95215 162.914 -543.869
-6.95397 163.136 -545.991
6.15234 164.243 -542.277
15.8428 166.136 -544.724
29.6641 173.512 -544.777
34.2109 178.854 -542.422
-32.9692 181.343 -543.264
39.5833 184.72 -545.484
-46.9357 196.188 -543.829
46.3829 195.996 -543.464
48.6543 199.711 -545.047
-49.3749 201.114 -545.911
-12.7988 164.444 -541.765
11.0494 165.405 -542.723
17.0313 166.433 -544.988
18.6329 167.133 -544.513
21.5867 169.332 -541.55
-30.6072 177.812 -543.041
37.4341 182.228 -543.967
35.8863 180.34 -543.791
38.1715 182.932 -544.776
-36.9027 185.491 -544.354
41.3239 188.332 -542.899
-42.3457 189.853 -541.892
45.365 193.635 -544.603
49.3255 202.419 -544.446
49.6369 203.016 -545.35
-5.71277 162.947 -535.594
0.158203 163.046 -543.076
-9.24707 163.635 -537.452
13.8438 166.37 -539.773
-19.5625 166.65 -541.938
25.7209 171.225 -543.237
39.5677 185.768 -543.134
-37.8893 185.328 -541.857
-45.1602 192.485 -540.39
43.8781 192.475 -541.995
18.2613 167.988 -540.627
-26.7759 171.135 -540.925
-23.5137 169.304 -543.025
29.0547 173.746 -542.457
31.0256 175.928 -541.618
38.0453 183.85 -542.153
-49.5808 200.914 -544.438
49.2546 202.719 -543.622
48.7751 202.565 -541.526
25.0348 171.791 -540.603
-28.8516 173.924 -540.844
41.1387 189.756 -538.365
45.5829 196.268 -540.382
-49.3477 197.867 -539.953
47.3608 199.154 -541.21
-23.593 167.745 -538.392
-30.6396 175.465 -539.539
32.9102 178.832 -538.734
-33.1083 179.432 -540.161
35.6021 181.973 -539.526
-35.3603 182.051 -540.272
39.4108 186.822 -540.321
44.6127 194.845 -539.902
-48.2358 196.055 -539.862
-50.147 200.739 -541.251
48.0711 201.752 -539.652
3.8125 164.135 -539.016
-22.9761 166.301 -534.306
21.8504 170.254 -538.906
29.4951 175.66 -538.852
31.3834 176.731 -540.112
36.454 183.725 -537.952
-37.039 182.177 -537.971
38.8541 186.636 -538.607
43.7547 192.9 -540.781
-49.5732 196.175 -536.35
48.2493 202.486 -539.665
12.4297 166.505 -536.797
-27.1616 170.296 -536.986
27.2412 174.411 -537.247
25.7428 173.119 -538.011
-32.2513 176.831 -538.106
30.2748 176.703 -537.772
-35.7918 180.561 -537.312
43.2518 193.573 -538.308
45.3672 197.083 -537.672
-50.3683 201.092 -540.91
-51.0894 200.808 -538.289
-14.2871 164.208 -537.227
14.7772 167.488 -536.775
18.4465 169.646 -535.399
21.35 170.966 -535.59
22.4429 171.2 -536.75
-31.4471 174.358 -536.03
-40.4427 184.747 -536.842
44.6409 196.561 -536.664
-9.57178 163.01 -532.621
-2.05664 163.717 -534.529
7.34707 165.616 -535.313
-29.4216 171.61 -535.16
-30.0812 172.824 -536.063
29.5441 176.979 -535.449
-34.9175 178.719 -536.09
31.7812 179.61 -534.289
37.7668 186.382 -535.756
-43.2557 187.16 -535.564
-44.8463 189.238 -536.081
-45.9054 190.312 -535.524
43.0617 194.182 -536.48
45.0531 198.298 -535.255
-51.3267 201.122 -537.922
-51.8203 198.59 -533.469
47.2547 202.383 -536.683
47.0512 201.726 -536.665
-17.6519 164.291 -532.932
9.72656 166.467 -532.672
24.3125 173.268 -533.738
28.1613 175.737 -535.351
-36.9484 179.499 -533.943
-47.9424 193.46 -535.864
41.168 191.688 -534.699
-52.3044 200.707 -534.495
3.94922 165.673 -527.777
-25.9316 167.682 -533.93
20.3281 170.731 -534.148
25.6522 174.095 -533.966
-35.3046 176.974 -532.832
-39.2318 181.29 -533.175
34.6094 182.825 -533.898
42.6053 194.019 -534.985
42.937 195.073 -534.142
43.4633 196.005 -534.326
46.0437 201.649 -533.68
46.3882 202.215 -534.221
0.417969 164.185 -531.609
18.5801 170.753 -530.531
-35.7031 175.608 -530.002
27.3806 175.738 -533.075
28.3748 176.798 -532.516
29.3739 177.749 -532.104
-41.1693 183.911 -534.112
-44.0777 186.761 -533.552
-45.5703 188.073 -532.8
-49.0323 192.933 -532.895
42.1914 193.908 -533.43
45.8903 201.694 -532.705
43.2742 197.449 -531.453
-52.5212 200.966 -534.113
-26.4541 166.411 -529.581
14.6914 169.092 -531.055
-28.3294 169.136 -532.298
-30.8446 171.382 -532.304
23.0784 172.741 -533.188
21.6783 172.579 -531.125
-41.7292 183.186 -532.213
41.2969 193.885 -530.664
36.704 187.187 -530.753
-50.4284 195.019 -532.156
-52.5154 199.973 -533.123
-5.97363 163.059 -530.389
-2.54492 164.11 -524.396
10.9062 167.476 -530.416
23.6328 174.449 -528.609
26.1133 176.034 -529.692
-37.7637 178.628 -531.606
30.3531 178.706 -532.064
31.0535 180.084 -530.54
-39.5664 179.49 -529.293
-45.502 185.433 -529.086
-47.4533 190.281 -532.328
-48.9498 191.721 -531.422
-53.0635 199.972 -531.201
-15.1201 163.078 -529.023
-30.915 169.575 -528.951
27.3672 179.016 -524.867
-43.5264 182.695 -527.533
38.4062 190.455 -528.453
-50.3401 193.365 -530.217
-52.7578 195.783 -527.906
-51.603 195.977 -530.776
-52.7051 197.684 -530.102
45.2699 201.775 -530.688
45.8059 202.12 -532.1
45.5558 202.224 -531.224
-21.2834 163.672 -526.796
7.57031 166.551 -528.328
15.535 169.795 -529.449
21.9961 173.749 -526.855
-48.0273 188.65 -529.297
-49.2613 190.258 -529.011
44.6112 201.926 -528.974
43.4437 199.561 -528.629
-53.3362 200.44 -530.687
-53.4773 199.859 -529.893
11.3545 168.43 -526.926
14.875 170.233 -525.828
31.3984 181.807 -527.516
34.1649 184.707 -528.425
44.2087 201.552 -528.524
-20.0693 163.055 -525.428
-12.0127 162.832 -525.772
-7.92969 162.933 -527.164
-33.928 171.523 -527.356
-36.635 175.125 -527.854
34.3416 185.611 -526.517
-48.1276 186.725 -526.329
37.3707 189.881 -526.616
-50.0095 189.936 -527.072
41.3951 196.277 -527.091
-54.0725 199.985 -528.204
-15.4561 162.807 -526.366
-6.33594 163.118 -525.488
-29.3553 166.985 -526.107
23.8579 176.432 -523.594
-38.0203 174.826 -525.69
-40.3875 177.036 -524.966
26.1191 178.119 -523.492
-42.0166 179.873 -526.203
30.4746 182.011 -524.031
35.1456 187.528 -524.631
-51.4437 191.209 -525.658
40.9453 197.461 -523.883
-54.6368 199.804 -526.631
-54.3546 200.46 -527.722
-26.5098 163.38 -520.687
18.0701 172.268 -524.844
-35.5078 171.558 -525.113
-44.9531 182.09 -524.898
37.6016 191.313 -524.453
39.5154 194.189 -525.044
-53.044 192.578 -523.716
42.3 199.394 -525.371
43.3242 201.414 -526.33
42.9893 201.877 -524.89
43.6436 202.058 -526.723
-12.7208 161.99 -523.104
-7.95068 162.924 -521.27
2.23438 165.848 -520.188
-31.5762 167.035 -523.309
10.1751 168.607 -524.015
-46.5652 182.828 -523.511
33.2438 185.017 -524.321
-47.299 184.411 -524.42
-54.8374 196.907 -524.119
-55.4837 199.86 -524.915
-55.2879 200.453 -525.685
42.5091 201.121 -523.896
-17.54 162.006 -522.19
4.98438 166.658 -521.168
-36.9336 170.436 -521.659
14.8086 171.002 -522.43
11.2969 169.629 -521.508
-42.6212 177.439 -522.784
-43.5274 179.7 -524.184
26.1203 178.965 -521.201
-48.3823 184.965 -523.473
-51.1454 189.206 -524.055
38.0898 193.916 -520.172
-20.7383 162.074 -520.762
18.1894 173.545 -520.288
-41.1837 174.772 -521.541
-44.3524 178.629 -521.621
-45.2642 180.265 -522.268
-45.4283 181.435 -523.341
-50.7335 186.753 -521.457
33.8452 187.446 -520.671
-55.1758 196.486 -523.086
-56.3736 200.16 -522.986
-33.8027 167.587 -521.499
20.9262 175.309 -520.826
-49.4417 183.678 -520.065
31.2188 185.717 -516.727
-52.7695 188.309 -519.785
-55.524 194.787 -520.649
-54.421 192.675 -521.139
-56.6251 199.885 -522.215
39.5546 197.336 -520.067
42.2442 201.658 -522.679
41.9648 201.751 -521.819
41.5503 201.26 -521.045
-24.0645 162.24 -519.104
-3.84961 163.964 -517.842
-30.5853 164.628 -518.934
-39.7091 172.746 -520.779
-43.0586 176.377 -520.695
-46.8522 180.731 -520.859
29.0352 182.109 -519.781
-56.3694 197.788 -521.273
-57.1662 199.966 -520.212
40.9882 200.872 -519.895
17.11 173.675 -517.445
-41.2027 174 -520.492
-40.9813 172.905 -519.025
-46.918 179.285 -519.152
40.6059 200.678 -519.08
41.3134 201.323 -520.307
-18.447 161.838 -516.663
-10.3916 162.019 -518.329
0.220703 165.74 -515.367
-34.6836 166.328 -517.459
11.8965 170.457 -518.743
13.2685 171.564 -517.568
-42.8059 174.524 -518.249
-44.7966 175.965 -517.408
23.666 178.159 -517.756
26.0532 179.881 -518.895
-52.2803 183.766 -516.297
34.8203 189.853 -517.586
-56.9062 195.895 -518.348
-57.3556 200.241 -519.834
-57.5822 200 -519.132
41.2108 201.694 -519.758
-22.2581 161.771 -516.373
-15.0498 161.859 -513.885
-28.874 162.66 -515.694
3.91797 166.883 -515.93
7.50634 168.709 -516.916
-40.1441 170.88 -517.13
20.3377 176.214 -516.108
21.9648 177.544 -515.027
-56.8262 192.985 -516.289
39.0308 197.683 -517.637
-58.2827 199.746 -517.542
-57.9776 200.049 -518.24
9.33203 170.539 -512.484
-42.4369 172.799 -516.554
-47.1117 177.749 -516.534
23.2755 178.3 -516.052
-48.7578 178.444 -514.904
26.8658 181.346 -516.576
-55.84 189.699 -515.503
35.6953 192.867 -514.492
38.3145 197.062 -515.438
39.9232 200.905 -517.09
39.1052 200.511 -514.442
40.3411 201.586 -517.488
7.05273 169.292 -513.443
-39.012 169.407 -516.558
-40.633 169.879 -515.182
14.4297 173.237 -513.484
-45.5098 173.334 -513.773
-47.453 176.445 -514.318
24.2905 179.584 -514.449
27.8125 182.69 -514.969
-59.7026 198.892 -514.203
38.5234 198.172 -514.203
-58.9406 200.012 -516.211
-28.4424 161.898 -512.732
-6.58594 163.128 -512.576
-1.78889 165.035 -513.688
1.19141 166.635 -510.34
-38.3388 167.884 -515.208
-36.9094 166.615 -514.763
-43.0788 171.337 -514.25
11.8865 171.561 -514.063
23.2683 178.752 -514.398
-52.2422 181.198 -512.816
30.291 185.811 -511.859
-57.6477 191.236 -513.141
-59.4663 199.791 -515.041
39.4114 201.195 -515.172
-17.8419 161.066 -513.246
-22.8076 161.132 -513.188
18.6162 176.122 -512.74
26.4126 181.743 -513.129
-56.1775 188.24 -513.799
33.9026 190.352 -512.413
-58.2484 193.946 -513.88
37.3195 196.089 -513.163
-9.72949 162.192 -509.017
-31.7805 162.618 -512.481
-3.44057 164.521 -512.092
-35.7012 163.435 -509.027
-38.7638 166.791 -512.531
-40.0156 167.096 -511.719
-43.7527 170.711 -512.421
16.8438 175.207 -511.734
-47.4875 174.712 -512.433
22.3161 179.236 -510.563
-56.5225 186.758 -511.852
-55.5156 185.582 -512.492
37.3945 197.143 -511.164
-60.6227 198.894 -512.182
-60.0596 199.059 -513.451
-60.2223 199.72 -513.444
-60.4813 199.857 -512.909
38.8166 201.133 -511.802
-22.1839 160.825 -510.759
-12.4395 161.825 -509.508
-46.2461 172.555 -511.639
19.4062 177.498 -509.016
-54.4238 183.446 -511.475
25.396 181.748 -510.099
-57.3355 188.665 -511.628
-27.5394 160.875 -508.911
-33.9385 162.522 -508.529
-6.57812 163.377 -509.125
-43.2053 168.821 -510.353
7.90625 170.477 -508
-49.0988 175.23 -511.156
-50.9883 175.833 -509.172
-52.7891 179.656 -510.805
-59.1485 191.338 -510.346
34.351 191.967 -509.812
35.3408 194.873 -507.576
-60.4531 194.305 -509.672
38.3249 200.412 -510.434
-17.353 160.787 -507.834
-15.0815 161.147 -509.583
-45.6133 170.3 -509.578
12.3211 173.346 -507.362
-49.0186 173.904 -509.727
-53.9851 180.328 -509.456
-56.541 183.859 -508.914
-57.3402 186.224 -509.741
33.1664 190.542 -508.742
-61.6172 195.5 -507.781
37.5566 200.315 -507.001
-23.4431 160.131 -507.785
-20.7014 160.025 -507.196
-38.9336 163.982 -506.41
-44.0897 168.268 -508.295
-48.7937 171.52 -506.174
-49.0697 173.387 -508.898
15.4453 174.863 -508.422
23.9744 181.485 -507.523
-60.0508 186.936 -505.48
-61.9548 191.598 -504.651
-61.805 199.009 -509.191
-61.4409 199.246 -509.961
38.2525 200.736 -509.608
37.8326 200.724 -507.693
-27.6514 160.142 -505.854
-5.43894 164.083 -508.212
-7.01562 163.536 -506.062
-4.57384 164.676 -507.301
-2.91041 165.551 -506.147
-44.4248 167.488 -506.453
4.14844 169.381 -505.281
16.476 176.025 -506.962
-54.0964 178.156 -506.971
20.844 179.319 -506.489
26.2764 184.005 -505.727
31.6246 189.564 -505.334
34.1162 192.73 -506.461
-62.5039 198.886 -507.88
-62.215 199.546 -508.578
-32.9282 160.332 -501.6
-13.2051 161.55 -503.789
-41.7831 164.617 -503.758
-0.199219 166.581 -506.133
-46.7397 169.276 -505.723
-50.9633 173.661 -506.107
-52.6803 175.431 -505.849
19.75 178.83 -504.035
-55.9609 179.08 -505.043
28.4198 185.775 -506.09
30.4062 188.293 -504.668
-62.9053 199.023 -507.115
-26.2242 159.82 -504.479
-17.8784 160.137 -504.486
-4.97326 164.807 -504.224
-6.96094 163.689 -504.734
11.7824 173.519 -505.059
16.4751 176.768 -503.787
27.3438 186.037 -500.799
-63.248 199.517 -506.535
-63.4691 198.845 -505.825
37.3073 200.452 -505.918
-22.3184 159.806 -503.74
-38.0371 162.756 -504.141
-7.84308 163.209 -505.423
-45.541 166.84 -503.188
-3.67188 165.812 -501.684
-45.1716 167.842 -505.764
0.679086 167.565 -503.452
-47.9074 168.51 -502.791
8.45288 171.938 -503.021
-51.8906 172.312 -502.953
-57.311 180.58 -504.247
34.3125 193.624 -503.83
-63.7539 193.988 -502.715
-64.0616 199.048 -504.129
36.5601 200.214 -503.037
36.8324 200.669 -503.716
-8.4355 163.177 -503.115
5.63281 170.533 -502.875
11.125 173.649 -501.75
-55.4805 176.846 -502.715
-58.5911 181.09 -502.358
-61.4442 189.041 -503.886
-24.24 159.064 -501.814
-19.811 159.843 -500.597
-50.8574 170.953 -502.469
16.8438 178.01 -499.348
-57.7592 179.939 -502.561
32.2578 191.468 -500.375
-64.2753 198.77 -503.414
35.3257 197.562 -502.154
-36.7148 161.789 -502.01
-39.9811 162.539 -501.056
-10.7852 162.523 -499.242
-0.792114 167.095 -501.649
1.65625 168.889 -499.648
7.33209 172.553 -497.533
-54.0286 174.112 -501.973
13.8242 176.16 -500.062
-60.1504 182.969 -501.492
-61.6086 185.828 -500.913
-63.1582 188.57 -500.352
-63.9629 192.836 -501.328
-64.8011 199.014 -502.154
36.3576 200.109 -502.188
-29.3926 158.99 -498.082
-18.002 160.149 -497.249
-14.0742 161.497 -499.836
-42.7116 163.861 -500.693
-47.8112 167.053 -500.504
-2.95895 166.612 -498.24
-51.3477 169.531 -499.746
9.85547 174.23 -495.891
-57.7803 177.633 -499.913
23.1172 182.605 -498.578
-59.8259 180.97 -499.934
-60.4048 182.581 -500.514
34.4268 196.271 -497.845
-65.3998 198.534 -500.722
-65.1081 199.24 -501.455
-22.2788 159.104 -499.723
-5.37948 165.492 -498.262
-55.9014 174.496 -499.59
-61.1545 183.331 -499.615
-63.0539 186.739 -498.964
30.7676 189.89 -496.395
-66.1034 194.102 -497.369
36.2644 200.603 -500.59
36.0919 200.505 -499.728
35.733 199.907 -498.619
-24.8005 158.916 -497.994
-43.8848 162.93 -496.703
-7.70703 165.14 -493.617
4.21579 170.499 -498.039
5.27883 170.987 -498.889
-59.2344 174.391 -493.828
-60.24 178.596 -496.566
26.4238 185.478 -496.47
-66.0267 197.904 -499.212
-66.1568 198.691 -499.312
-66.8174 199.063 -498.23
-65.7965 198.882 -500.003
-22.3064 159.031 -498.502
-37.4131 160.484 -496.727
-49.153 166.719 -497.923
-51.3818 167.424 -496.527
4.30664 170.836 -496.047
15.2693 177.669 -495.507
-62.7832 182.412 -496.102
19.8325 180.797 -495.767
-67.2129 198.755 -497.327
35.0679 198.803 -496.375
-14.3164 162.179 -490.809
-10.4512 163.241 -494.496
-54.8516 170.429 -495.846
17.7617 180.262 -491.51
-65.7014 189.455 -495.233
30.9482 191.089 -493.219
35.4699 200.247 -496.489
-33.3223 158.992 -493.951
-22.2686 159.11 -492.512
-41.1084 160.662 -492.443
-4.27734 166.473 -494.141
-0.238281 169.104 -494.578
-57.0599 173.147 -495.983
-37.0156 159.193 -491.704
6.58039 172.737 -493.971
13.2211 176.978 -492.391
-62.4891 179.755 -493.309
20.168 181.863 -490.477
28.6836 188.271 -493.203
-67.6348 191.781 -492.531
-67.9619 193.48 -492.857
-67.859 197.966 -495.12
-67.7131 198.887 -496.005
34.5737 197.43 -494.307
35.2832 200.467 -495.166
-46.5986 162.778 -492.48
-3.34025 167.586 -491.756
9.22614 174.696 -492.035
-64.2586 184.44 -494.245
32.2812 193.627 -493.297
33.707 196.219 -491.863
-68.1037 198.096 -494.19
35.0204 199.71 -493.848
-55.5305 169.274 -492.146
2.16406 170.776 -490.398
-56.5234 169.598 -491.289
-65.4729 182.04 -489.62
-67.2715 189.608 -492.108
-67.0049 184.953 -489.094
28.0893 188.239 -490.639
32.3929 194.141 -491.734
-68.5696 198.845 -493.006
-35.8262 158.995 -491.018
-24.5825 158.928 -490.699
-5.36328 167.135 -488.973
5.11546 172.384 -491.249
7.76562 174.23 -488.398
-61.7811 175.807 -490.436
15.2731 178.52 -490.491
24.3594 185.113 -489.857
-68.8096 198.026 -492.175
34.7952 200.038 -490.338
-50.9788 163.609 -488.215
-10.0391 164.602 -487.953
-53.8867 166.248 -489.492
-1.05859 169.321 -490.211
-59.0296 171.228 -489.23
15.5039 178.91 -488.391
29.3922 189.862 -489.666
-68.3207 190.631 -489.895
-69.8217 197.899 -490.056
-31.3281 158.871 -484.401
-22.9951 159.244 -487.051
-44.1848 160.199 -486.88
-11.9578 163.932 -486.992
0.287109 170.392 -486.352
4.30122 172.548 -488.526
-60.3362 172.778 -489.146
-62.5906 175.402 -488.278
9.20467 175.118 -489.169
27.3526 187.807 -489.443
-68.5332 188.84 -488.32
-70.071 193.261 -487.852
-69.3387 194.223 -489.919
30.9092 192.605 -486.396
32.2559 194.666 -488.734
-69.4432 198.526 -490.845
-7.07031 166.52 -486.102
-56.0814 167.742 -488.54
-57.6549 169.133 -487.999
10.5898 176.715 -484.688
22.4844 184.454 -484.501
28.1797 188.898 -487.398
-70.4777 197.843 -488.819
33.1504 196.771 -486.909
34.0215 197.77 -489.609
-70.1699 198.497 -489.543
34.6529 199.927 -489.285
-39.6826 159.064 -486.742
-56.0996 166.291 -485.397
-56.2852 167.198 -487.012
-60.099 171.05 -486.93
3.61719 172.824 -485.469
-61.42 173.122 -487.283
19.4062 181.678 -485.982
25.6406 186.796 -485.041
-68.6922 187.36 -486.745
34.5995 200.111 -488.185
-33.9017 158.799 -485.286
-44.5601 159.315 -482.781
-2.44249 169.525 -485.239
1.51929 171.755 -483.925
-65.6367 177.95 -485.211
-67.9785 180.914 -483.203
27.5859 188.854 -483.779
-70.3535 190.723 -485.906
34.3233 199.427 -487.434
-41.6738 159.083 -484.377
-18.3378 161.421 -484
-50.7798 162.682 -485.77
-14.9141 162.736 -483.5
-54.0959 164.796 -485.259
-57.6595 167.518 -485.219
-62.3795 173.066 -485.24
13.2249 178.284 -484.092
-71.5332 195.102 -485.371
-71.5957 197.746 -485.871
34.1285 199.42 -485.777
-71.3518 198.507 -486.653
34.3282 199.872 -486.27
-39.646 158.757 -482.462
-25.9785 158.956 -483.408
-10.8227 165.23 -482.886
-4.01172 169.2 -482.742
-60.5449 169.069 -483.115
-64.6071 174.331 -482.533
5.98828 174.762 -480.438
-66.6984 179.188 -484.16
-69.3181 186.645 -484.619
-71.25 189.062 -482.25
-72.0995 198.211 -484.323
-23.0264 159.437 -483.629
-49.4417 160.635 -480.323
-54.7026 163.319 -480.893
-8.91406 166.848 -479.281
-59.5083 167.521 -482.368
-0.513901 170.883 -482.388
-62.9993 171.347 -481.659
3.92239 173.497 -481.945
31.3818 193.776 -481.592
-72.319 197.573 -483.59
-36.7349 158.099 -481.076
-32.6671 158.019 -481.511
-29.2686 158.793 -480.691
-67.0762 176.428 -480.344
19.125 182.377 -479.598
-69.0135 183.513 -482.943
-70.6066 186.985 -482.217
26.9766 188.812 -480.867
24.7031 186.554 -482.463
30.1348 192.31 -479.919
-72.2773 193.74 -482.359
33.5723 199.198 -480.924
33.9549 199.772 -481.699
-25.5332 159.139 -479.993
-18.8359 161.597 -480.711
-11.3601 165.307 -480.935
-5.67188 168.736 -478.871
1.47126 172.394 -480.331
8.02734 176.055 -480.062
14.5664 180.097 -477.012
-69.2361 182.814 -481.809
22.8359 184.949 -478.187
-73.2426 197.761 -481.407
-72.9635 198.035 -482.115
-46.3672 159.307 -479.498
-62.918 168.756 -477.125
-1.26087 171.125 -479.428
-64.3142 171.996 -479.758
11.0215 177.498 -479.016
-69.1332 181.32 -480.559
-71.3276 183.97 -478.505
25.0406 186.975 -479.95
-72.1289 187.859 -478.875
31.4775 194.271 -480.346
-59.0408 166.113 -479.567
-2.96094 170.536 -476.232
2.73381 173.083 -480.124
2.89453 173.395 -477.574
26.8066 188.806 -477.463
-73.3974 192.538 -478.871
-73.4245 194.529 -479.886
-74.1334 198.108 -479.489
-40.1787 158.041 -477.471
-44.7305 158.764 -476.422
-48.8613 159.288 -476.15
-17.1914 162.936 -475.191
-13.3447 164.713 -477.145
-0.050781 172.229 -476.609
10.4258 177.416 -477.891
-69.9961 180.104 -477.555
24.7949 187.379 -475.05
31.137 194.441 -475.816
-74.3376 197.436 -478.735
33.3566 199.104 -479.346
33.668 199.591 -479.988
-38.6663 157.862 -474.688
-23.2422 159.981 -477.51
-61.2429 166.344 -475.672
-64.2188 168.968 -474.924
-65.3974 172.182 -477.306
7.0625 176.295 -475.102
-69.1057 178.1 -477.137
28.4844 191.085 -476.27
-74.5889 194.965 -477.211
32.3789 197.529 -475.945
-74.6132 197.858 -478.091
-25.6211 159.261 -474.387
-51.3101 159.56 -473.71
-19.9538 161.482 -476.268
-4.8714 169.47 -477.198
-67.3447 172.166 -473.221
3.42969 174.258 -473.734
18.2893 182.333 -474.916
-73.3148 189.207 -476.827
-75.3242 192.457 -473.199
30.5732 193.661 -474.766
-74.8841 197.958 -477.118
-43.7559 157.97 -472.716
-32.3184 158.037 -473.873
-59.7359 165.027 -475.411
-10.3918 166.738 -474.85
-6.125 169.285 -475.297
11.2383 178.569 -471.695
21.7139 184.897 -470.703
-74.415 189.531 -474.211
-75.0195 197.037 -476.228
33.203 199.465 -474.484
-35.4995 157.833 -472.319
-57.3599 162.422 -472.537
-12.7619 165.551 -474.562
1.24315 173.189 -474.372
-69.9137 176.936 -473.562
-72.3036 184.172 -475.155
-75.643 196.914 -474.15
-75.2157 197.123 -475.487
-75.3048 197.768 -475.421
-75.5146 197.868 -474.858
-29.4346 158.78 -469.497
-19.1439 162.248 -472.908
-14.9629 165.503 -468.582
-62.4629 166.389 -472.685
-59.8391 163.5 -470.327
-3.59034 170.712 -473.614
-1.25 172.451 -471.297
-71.3147 179.104 -472.662
-72.5703 182.019 -472.535
17.5179 182.238 -472.187
-73.099 184.667 -473.633
26.822 189.024 -472.353
29.9277 193.167 -471.518
32.7381 198.889 -473.722
-47.9746 158.477 -471.334
-54.6748 160.613 -471.33
-21.8867 161.26 -472.023
5.10938 175.59 -470.672
-74.4805 187.422 -472.422
-76.2978 197.41 -472.603
31.5205 196.184 -471.289
-38.4377 157.055 -471.039
-17.5914 163.148 -472.042
-7.14062 169.752 -469
-65.1736 168.678 -471.451
-69.9667 174.9 -470.212
7.99287 177.138 -470.909
9.64807 178.126 -469.05
-72.9219 181.991 -471.383
-74.3745 183.325 -469.564
32.6558 198.876 -472
32.9875 199.426 -472.772
-40.9609 156.981 -469.356
-33.2627 157.925 -467.636
-26.7461 159.246 -470.191
-18.6445 162.885 -469.5
-11.4886 166.995 -469.84
-64.7861 167.012 -468.801
-3.98205 171.145 -469.839
-68.6582 173.312 -470.648
6.79126 176.493 -471.566
6.61467 176.487 -470.22
-71.2148 176.456 -469.609
-75.583 187.234 -468.594
25.668 188.422 -468.645
-76.5121 191.068 -468.958
-76.5232 196.85 -471.849
-36.3481 157.136 -468.703
-53.8359 159.351 -467.598
-25.0742 160.19 -467.5
-55.5264 160.086 -467.547
-66.6574 168.856 -467.917
-77.0688 194.742 -469.612
-45.7559 157.112 -465.432
-68.1777 169.475 -465.106
-70.2405 173.561 -466.764
1.57093 174.099 -467.956
5.4375 176.159 -466.934
-72.8273 178.788 -467.576
13.6602 180.556 -465.879
27.4766 190.624 -466.008
-77.8055 196.867 -468.638
-77.3643 197.203 -469.889
31.0684 196.497 -465.406
32.2806 198.46 -468.391
32.5912 199.059 -469.054
-27.7852 159.271 -466.539
-22.7168 161.593 -467.129
-58.0547 161.354 -465.966
-9.02799 169.243 -465.536
-7.01562 170.136 -466.062
-2.02344 172.451 -467.766
-70.7128 175.047 -468.365
-71.7539 176.036 -466.832
-74.0801 179.773 -465.457
24.166 187.273 -465.14
-78.3779 193.527 -465.676
32.2646 198.601 -467.596
-36.7856 157.007 -463.498
-62.4191 163.175 -463.155
-67.1021 167.779 -464.721
-0.212891 173.697 -462.867
-78.5058 196.814 -466.795
-78.2853 197.519 -467.552
32.0687 198.403 -466.782
32.3849 199.056 -467.181
-33.3125 157.891 -464.456
-28.5137 159.447 -461.027
-23.7812 161.447 -462.52
-20.0918 163.193 -463.33
-13.2989 166.846 -464.752
6.99219 177.299 -463.023
17.8359 183.397 -463.086
-76.3666 186.314 -465.202
28.8034 192.66 -465.597
29.4877 193.712 -465.303
31.9689 198.79 -463.534
-44.7124 156.869 -461.143
-51.7022 158.067 -462.37
-58.6111 160.197 -460.537
-15.5547 165.605 -465.242
-4.64417 171.782 -463.631
3.43019 175.556 -464.28
-73.3235 176.913 -463.416
-76.1309 184.109 -463.477
15.0371 181.366 -463.242
21.4844 185.846 -461.271
-77.4648 187.852 -464.094
-78.625 190.594 -462.938
-54.1699 158.802 -462.887
-16.3413 165.509 -462.899
-65.8018 165.577 -460.514
-10.959 169.455 -458.633
-70.4068 171.674 -462.881
-71.7085 173.47 -462.459
-78.3213 186.941 -461.215
26.4297 190.113 -462.811
28.9595 193.291 -463.472
-79.2479 196.744 -463.373
-79.128 197.033 -464.122
31.1953 197.327 -460.652
-67.9092 167.999 -461.119
-7.84766 170.369 -461.062
-3.78719 172.516 -461.544
3.57812 176.448 -458.898
-79.177 192.445 -461.57
26.8789 190.926 -460.363
31.8592 198.628 -462.669
-49.8916 157.043 -457.24
-53.6211 158.245 -459.922
-29.332 159.462 -455.529
-69.5078 168.777 -458.693
-71.2311 171.884 -460.781
-74.46 176.494 -459.195
29.8047 195.57 -457.953
-18.8132 164.651 -460.009
-5.57091 171.816 -460.036
-75.8906 180.736 -460.271
10.9961 180.166 -457.957
15.9297 182.313 -458.895
-79.3223 188.074 -457.543
-80.3022 196.506 -460.552
-80.0559 197.17 -461.321
31.8133 198.87 -460.893
-40.1831 156.75 -458.642
-22.9341 162.523 -457.187
-25.5352 161.484 -456.383
-72.5 172.237 -457.047
-3.88281 172.868 -457.766
-72.7659 173.95 -459.804
-77.3994 182.274 -458.662
24.5352 188.957 -456.584
-80.5439 192.315 -457.342
31.5264 198.168 -460.178
-42.3763 156.069 -457.121
-36.9722 157.087 -455.119
-63.3154 162.917 -458.189
-17.959 165.465 -458.378
-15.5368 166.678 -458.338
-7.0765 171.321 -458.308
-81.032 196.021 -458.124
-80.8347 196.96 -459.128
31.5012 198.339 -459.13
-44.6992 156.109 -456.607
-52.1235 157.185 -454.686
-58.8447 159.556 -456.577
-20.7692 163.529 -458.492
-65.0159 162.625 -452.68
-18.5156 165.506 -456.539
-73.3968 174.14 -458.339
-3.10641 173.502 -456.006
-0.773438 174.299 -457.359
-74.3671 175.094 -456.867
-76.1743 179.566 -457.807
8.14062 178.516 -456.922
-78.5332 183.75 -456.797
20.3489 185.541 -456.948
26.9421 191.889 -455.918
31.3281 198.119 -458.23
-60.7607 160.228 -453.77
-22.5372 163.517 -452.55
-16.2464 166.987 -454.699
-13.7843 168.546 -454.444
-69.9648 168.743 -457.051
-71.8021 169.4 -453.091
-81.7422 195.93 -456.065
-81.5472 196.808 -457.016
30.9604 198.006 -455.747
-39.4502 156.76 -453.588
-24.1525 162.443 -453.763
-68.209 165.769 -454.38
-7.47656 172.342 -451.492
-4.14453 173.376 -451.879
5.14547 177.517 -453.177
-78.3984 181.219 -453.793
-79.2285 185.285 -455.539
-81.3273 191.768 -455.069
31.2667 198.505 -456.458
-47.3252 156.014 -453.062
-20.1445 165.159 -451.727
-17.623 166.758 -450.004
-12.2279 169.453 -453.927
1.32422 175.983 -452.703
-76.4339 177.927 -454.318
13.3252 181.544 -453.81
17.1406 183.713 -452.887
19.8281 185.616 -453.971
-80.9142 188.348 -453.567
29.6094 196.023 -453.578
-32.8984 158.645 -452.184
-27.5874 160.719 -452.161
-10.4863 170.462 -452.328
11.1641 180.67 -452.461
-79.3496 184.047 -453.047
-79.6463 185.562 -454.267
22.6152 188.379 -450.306
-81.5318 190.469 -453.607
-81.71 191.895 -454.047
27.1992 192.995 -451.824
-82.3318 192.934 -452.668
-82.1132 196.169 -455.074
-82.5652 196.736 -453.891
-82.7378 195.859 -453.02
30.6755 197.865 -454.047
31.0236 198.449 -454.819
-56.6825 158.217 -450.723
-66.712 163.66 -451.359
-70.7983 167.408 -451.31
-76.3941 176.835 -452.573
8.74219 179.567 -449.77
-78.2659 179.286 -451.68
18.876 184.985 -450.26
-81.0742 186.635 -451.766
-42.698 155.992 -452.93
-49.8877 156.02 -448.207
-37.5273 157.181 -450.52
-60.6387 159.596 -450.664
-25.7656 162.125 -448.922
-70.0596 165.872 -447.447
-14.9133 168.584 -450.974
-73.8438 171.4 -450.963
-76.3031 175.706 -450.845
14.2689 182.301 -451.424
-82.522 188.091 -449.146
-82.7 193.203 -451.531
27.1523 193.375 -447.6
30.5598 198.226 -451.98
-42.0654 156.103 -446.405
-31.5996 159.264 -447.129
-75.3317 173.339 -449.737
6.12488 178.281 -449.945
-79.1338 181.055 -450.266
-83.3324 196.144 -449.932
29.9926 197.684 -449.692
30.3535 198.042 -451.168
-56.1309 157.353 -444.914
-67.372 163.468 -447.675
-14.668 169.273 -448.688
-74.0107 171.08 -449.771
-77.5414 176.468 -448.722
3.14592 176.924 -449.847
3.77148 177.295 -447.281
11.8887 181.371 -446.266
30.3202 198.232 -450.36
-45.0483 155.919 -446.17
-62.4297 159.525 -444.949
-20.8435 165.574 -447.172
-73.4502 169.885 -448.469
-11.0814 170.807 -448.175
-75.9037 173.148 -447.533
2.32812 176.605 -449.734
0.146484 176.498 -443.445
-79.3225 179.486 -447.507
-80.336 182.932 -448.865
22.5918 188.636 -445.235
-83.2773 190.627 -447.33
-83.599 195.882 -449.119
-15.1436 169.259 -447.047
-18.1343 167.503 -445.277
-12.1571 170.567 -446.46
-8.52734 172.529 -445.883
5.9846 178.466 -447.39
-80.1754 181.707 -447.911
-81.54 183.711 -446.781
29.6477 197.645 -447.986
29.9569 198.021 -448.726
-77.4964 174.712 -445.729
-3.92969 174.188 -446.797
-79.0169 177.837 -446.302
17.0312 184.684 -444.969
-82.8945 185.771 -444.824
24.7281 190.71 -446.756
-84.616 195.966 -446.208
-84.3898 196.216 -446.919
27.3614 194.874 -443.754
29.2501 197.429 -446.436
-51.6504 156.089 -443.381
-29.6757 160.801 -443.674
-21.8604 165.602 -443.26
-69.457 164.332 -445.158
-73.0779 167.728 -444.613
-11.8032 171.212 -443.84
-78.3008 174.861 -443.609
4.02539 177.947 -441.66
7.03012 179.399 -443.93
24.9278 191.112 -445.48
29.6289 197.969 -447.021
-49.0039 155.914 -442.312
-32.3164 159.409 -442.867
-38.9297 157.219 -442.645
-25.2054 163.132 -444.219
-16.1719 168.958 -444.117
-76.1794 171.705 -443.83
-81.0723 179.349 -442.758
-80.2807 179.28 -444.96
25.3793 191.882 -444.487
-85.5039 191.69 -442.324
-85.2834 195.559 -444.581
-85.0134 196.207 -445.362
29.1854 197.615 -445.626
28.9703 197.54 -444.772
29.3433 198.102 -445.164
-65.832 160.827 -440.818
-26.802 162.497 -442.045
-72.1304 165.552 -441.376
-74.3428 167.53 -440.259
-74.2913 168.655 -443.21
-15.5 169.522 -442.777
-3.83207 174.668 -443.081
-83.7852 186.049 -442.473
21.2383 188.499 -439.441
24.25 191.021 -442.078
28.9575 197.975 -443.635
-44.4653 155.976 -440.121
-43.1797 156.151 -440.529
-23.306 164.948 -441.076
-18.0293 169.368 -435.824
-13.0354 170.775 -442.425
-77.0633 171.91 -441.848
-8.57422 173.11 -439.523
8.78137 180.525 -441.606
6.87285 179.485 -442.582
-82.4201 182.578 -443.02
16.5625 184.782 -441.188
26.3554 193.614 -442.582
-60.0391 157.984 -438.906
-36.4375 158.233 -439.992
-69.5802 162.842 -439.358
-21.0751 166.514 -441.02
-76.007 169.919 -440.81
-14.1094 170.641 -438.535
-11.6641 172.548 -435.273
-5.28892 174.426 -440.013
-79.4355 175.322 -440.557
-82.3018 179.383 -439.973
14.5312 183.891 -440.641
25.1156 193.441 -437.074
-86.1623 195.266 -441.386
-85.9799 196.058 -442.193
27.1328 195.246 -440.969
28.1213 197.353 -440.699
28.3187 197.241 -442.305
-54.0107 156.038 -438.412
-64.6855 159.808 -438.73
-26.8989 162.65 -440.674
-23.9098 165.12 -438.005
-3.23438 175.48 -437.867
-83.3291 182.707 -439.773
11.9997 182.311 -439.335
28.2904 197.478 -441.518
28.4461 197.93 -441.063
-62.1445 158.719 -438.527
-33.0742 159.647 -437.289
-29.7399 161.627 -438.229
-21.1184 167.179 -436.204
-78.541 171.793 -437.727
1.30859 177.548 -435.184
7.1875 180.387 -437.18
13.7305 183.838 -435.816
15.6399 184.677 -439.018
-86.6348 190.01 -437.443
27.9994 197.644 -438.687
-57.6703 157.143 -438.911
-39.332 157.304 -437.719
-67.418 160.96 -436.862
-24.8226 164.827 -436.645
-72.939 165.564 -437.944
-76.4846 169.432 -438.364
-80.3405 174.863 -437.839
-83.2383 179.915 -437.434
10.2722 181.515 -438.229
-85.2981 185.194 -437.894
-85.5039 185.797 -438.047
23.5898 192.354 -434.32
-87.0935 195.237 -438.337
-86.8677 195.998 -439.13
-58.8563 157.192 -436.483
-27.3047 163.511 -435.125
-71.5457 163.86 -436.185
-6.52344 174.196 -435.531
-84.1702 181.764 -436.948
27.4056 197.052 -436.187
27.6248 197.016 -438.039
-52.8272 155.877 -432.825
-39.8965 157.296 -435.615
-74.9316 166.502 -435.543
-78.1016 171.032 -437.555
9.80469 181.697 -435
-86.2153 186.216 -435.953
-56.0625 156.088 -433.451
-44.3691 156.031 -432.733
-59.6331 157.354 -435.749
-62.6292 158.58 -435.807
-35.7012 159.34 -430.09
-81.5076 174.61 -434.518
-3.32812 175.958 -434
-83.9686 179.365 -434.839
8.01953 181.222 -431.492
17.2052 186.532 -434.408
-88.0027 195.181 -436.304
-87.6695 195.883 -437.02
27.5493 197.214 -436.97
-59.7034 157.233 -434.27
-60.843 157.768 -435.21
-66.647 159.554 -431.954
-72.8306 163.84 -433.124
-21.953 166.949 -434.521
-20.1095 168.187 -433.882
-85.3903 181.436 -433.93
-86.1962 184.764 -434.829
-87.1836 185.594 -433.25
19.5586 189.299 -430.292
26.7379 196.914 -432.733
-88.6411 195.885 -435.003
-88.9524 195.168 -434.261
-60.209 157.309 -433.223
-74.6055 164.613 -431.238
-25.6855 165.63 -430.297
-76.2592 167.111 -433.363
-78.2534 169.126 -433.027
-80.5376 172.461 -433.4
-83.4101 177.186 -433.304
16.2891 186.065 -432.965
-89.416 189.016 -430.812
-89.8742 194.84 -432.149
-22.3261 167.397 -430.98
-18.0859 169.934 -430.062
-85.2266 178.492 -431.141
-86.2755 180.817 -430.813
-89.5663 195.746 -432.883
27.1822 197.467 -433.462
-48.3928 155.83 -429.844
-41.0625 157.181 -431.133
-79.5998 170.382 -432.062
-82.2749 173.169 -430.682
-10.7422 173.279 -430.246
-7.0625 174.654 -430.727
3.57831 179.202 -428.667
-87.8134 185.036 -431.242
26.5574 196.835 -431.814
-51.3524 155.116 -428.893
-65.9219 158.554 -426.789
-73.3535 162.857 -429.224
-77.9316 166.6 -428.055
-80.1678 169.325 -428.586
-83.5534 174.569 -429.542
-6.71875 175.063 -426.914
-3.56641 176.53 -427.52
-0.373047 177.416 -427.441
13.5778 184.619 -428.487
-89.2929 187.482 -429.971
16.3516 186.463 -428.102
-90.6589 194.886 -429.125
-90.3972 195.486 -429.809
23.7891 193.742 -428.844
-59.2627 156.24 -428.156
-44.8535 156.227 -427.875
-30.3111 162.655 -428.294
-20.9835 168.478 -429.389
-81.3002 171.102 -429.625
-14.6045 172.259 -426.18
-82.6582 171.884 -427.865
-86.2239 179.34 -429.423
11.0391 183.43 -426.219
-89.6533 182.223 -425.141
19.1387 189.195 -425.045
-90.4165 189.901 -428.096
25.7786 196.618 -428.893
26.5192 197.108 -430.759
-68.8784 159.731 -427.031
-18.6593 169.829 -428.644
6.89885 180.766 -428.818
8.05566 181.47 -425.975
23.332 193.418 -427.359
26.2747 197.212 -429.323
-55.6094 155.64 -427.523
-32.848 161.576 -426.238
-74.9338 163.386 -426.034
-21.5781 168.307 -428.559
-19.0089 169.76 -427.793
-84.8242 174.477 -426.883
6.13445 180.573 -427.19
14.4062 186.028 -422.781
-91.3289 194.553 -427.684
-91.0089 195.247 -428.405
25.7508 196.991 -427.714
-54.0566 154.997 -424.672
-24.9531 166.543 -425.75
-80.5786 168.678 -426.669
-19.7819 169.565 -426.578
-82.04 170.052 -425.897
-83.806 173.006 -426.842
-86.8357 178.053 -426.697
24.9836 196.506 -425.71
-47.5957 155.952 -420.502
-61.0103 156.169 -422.85
-35.1836 160.192 -424.859
-72.707 161.319 -423.619
-11.3154 173.301 -424.172
-85.0938 173.635 -424.984
-88.2987 179.227 -424.996
4.6117 180.33 -423.383
-92.3397 194.523 -425.709
22.3359 192.67 -424.867
-92.0052 195.17 -426.383
25.3863 197.078 -426.028
-39.5898 158.729 -420.949
-42.6055 157.343 -421.221
-80.7939 166.885 -422.671
-76.4955 162.942 -421.702
-18.3555 170.543 -423.531
-14.7573 172.613 -422.277
-86.3282 175.307 -424.237
-87.5746 176.929 -423.626
3.22284 179.539 -424.62
-89.6895 178.266 -421.355
6.93848 181.704 -419.229
12.6328 185.252 -419.467
-92.5117 188.566 -423.406
23.3667 194.592 -423.609
24.9604 196.938 -424.682
-62.9814 156.4 -419.365
-69.9041 159.512 -423.698
-36.4453 159.611 -423.812
-33.3242 161.758 -423.609
-36.3613 160.135 -420.633
-25.7109 166.615 -421.633
-83.4977 169.771 -422.167
-22.2461 169.185 -420.875
-7.86759 174.858 -424.263
-3.82422 176.89 -419.688
1.55859 178.885 -421.305
-93.3187 194.518 -423.659
-92.9895 195.227 -424.382
24.3055 196.337 -423.301
-57.2725 155.056 -420.429
-31.6719 162.921 -422.074
-10.6953 174.046 -419.043
-92.0371 183.431 -420.85
9.93945 183.488 -421.382
-92.2784 185.615 -422.123
24.2632 196.579 -422.55
-66.9102 157.763 -418.75
-71.0127 159.612 -419.968
-30.156 164.372 -419.403
-82.1558 167.091 -419.394
-85.9531 172.094 -421.055
-87.5743 174.473 -420.647
-94.2214 194.234 -421.543
18.9238 190.11 -419.629
-93.8633 195.024 -422.151
22.6992 194.377 -421.07
24.044 196.453 -421.731
-32.2725 162.962 -417.027
-78.5117 163.845 -418.677
3.52657 180.074 -420.421
-93.7109 187.328 -420
-51.387 155.007 -420.213
-85.0176 169.973 -419.422
-15.9766 172.37 -416.703
-91.7031 179.951 -418.945
4.10938 180.668 -417.59
-93.7724 185.206 -418.778
-94.6841 194.908 -420.039
-94.9968 194.232 -419.37
23.9594 196.792 -420.579
23.6971 196.722 -419.141
-46.2383 156.325 -414.727
-42.3281 157.82 -416.916
-85.9492 170.188 -417.551
-87.5226 173.409 -419.314
-88.9696 174.595 -418.174
1.61719 179.665 -412.859
-92.7392 181.935 -418.452
15.5586 188.308 -415.178
-94.2883 188.484 -419.389
-95.7578 191.031 -417.641
23.3382 196.177 -418.402
-58.9023 155.084 -415.978
-56.6191 154.931 -415.365
-65.2617 156.423 -413.793
-72.9447 159.507 -415.669
-29.2988 165.457 -416.547
-84.7436 168.667 -417.334
-24.5 167.844 -418.078
-18.9062 171.292 -414.508
-87.8213 172.046 -417.022
-91.2305 177.438 -416.727
-92.1562 179.129 -416.93
-95.5098 184.71 -415.617
-95.1656 189.374 -418.133
-96.0143 194.181 -417.41
21.8654 194.388 -417.03
-95.694 194.88 -418.067
-52.9351 154.945 -415.787
-69.7734 158.27 -414.422
-76.4263 161.682 -415.173
-38.8945 159.73 -414.871
-22.7422 169.382 -414.238
-87.4727 170.34 -415.229
-6.21094 176.275 -416.082
11.623 184.882 -415.266
18.75 191.427 -414.742
23.1176 196.505 -415.394
-51.3369 155.107 -415.623
-51.041 155.297 -414.2
-62.8967 156.094 -416.73
-84.418 166.937 -414.421
-86.7891 169.578 -415.047
-88.7042 172.495 -415.964
-90.2891 172.404 -412.689
-90.1713 174.921 -416.002
-3.08203 177.37 -412.955
-93.2228 179.61 -415.492
9.46991 183.891 -413.564
13.8125 187.33 -413.066
-96.2988 188.312 -415.977
-96.6796 193.892 -416.11
-96.3555 194.487 -416.823
-60.2466 155.005 -413.011
-33.2563 162.701 -415.093
-80.4475 162.996 -411.961
-29.957 165.504 -412.945
-88.8849 171.865 -414.664
-91.8457 173.579 -411.648
-8.98828 175.591 -412.096
5.50781 181.902 -411.375
-97.4453 189.789 -413.902
-97.8203 194.07 -414.367
22.6441 196.053 -414.642
-74.7256 159.589 -410.552
-31.8717 163.778 -414.127
19.8525 193.268 -410.738
-97.4148 194.612 -414.943
22.2543 196.109 -412.865
-47.9512 156.285 -408.242
-39.5479 159.678 -409.891
-88.3438 169.711 -411.578
-20.7344 170.489 -412.023
-18.0273 172.397 -407.793
-12.293 174.192 -409.186
-94.7826 178.688 -411.73
-97.918 184.717 -411.379
15.7871 188.982 -411.191
-98.6528 193.87 -413.052
-98.2538 194.55 -413.715
-53.8369 154.942 -410.701
-66.4863 156.41 -410.594
-77.9111 161.096 -409.825
-78.9179 162.039 -411.528
-33.4521 163.274 -411.55
-35.3359 162.925 -406.949
-27.0421 167.487 -411.022
-93.2654 176.41 -412.261
-96.242 181.436 -411.906
-98.4746 182.348 -408.852
9.73438 184.737 -409.461
-99.1719 190.43 -411.625
17.7637 191.267 -410.555
-52.1504 155.105 -405.038
-82.0066 163.273 -408.532
-86.4824 166.978 -409.394
-28.7578 166.758 -406.684
-25.3906 169.172 -406.641
-94.1387 174.324 -408.537
-7.17773 176.549 -407.395
-100.267 193.596 -410.749
-101.2 193.556 -409.578
-99.5779 194.369 -411.781
21.802 196.243 -410.694
-31.0156 165.328 -409.062
-22.1387 170.485 -405.133
-95.0905 176.084 -408.926
-4.34961 177.356 -406.555
-96.7016 179.176 -409.182
-98.7058 183.867 -409.622
7.1433 183.382 -407.974
11.6512 185.826 -410.339
12.3834 186.516 -409.433
-103.766 188.971 -405.281
-100.759 194.083 -410.2
21.4121 196.245 -409.173
-70.6743 157.588 -407.713
-85.4779 165.551 -407.703
-88.3652 167.227 -406.105
-91.8574 171.208 -407.695
-101.077 186.199 -407.47
11.8076 186.537 -406.752
18.5547 192.583 -407.82
21.0684 195.633 -408.615
-62.127 154.951 -406.113
-70.7578 157.24 -405.008
-73.0967 158.509 -406.564
-42.0312 159.709 -399.572
-76.9944 159.696 -406.128
-9.98828 175.364 -405.57
-97.3047 177.01 -406.328
-0.589844 179.692 -403.422
4.20606 181.539 -406.113
-100.207 183.465 -407.247
15.4277 189.5 -406.238
-102.138 193.788 -408.436
-101.721 193.951 -409.005
-65.882 155.89 -406.575
-67.1167 156.235 -406.652
-47.2852 156.955 -401.43
-32.0952 165.208 -405.542
-90.2502 169.487 -407.088
-15.251 173.333 -403.221
-100.023 179.478 -404.762
7.89062 184.458 -403.812
-103.318 193.637 -406.876
-102.931 194.236 -407.455
20.6751 195.647 -406.929
18.2892 192.518 -407.054
20.971 196.025 -407.684
-54.6284 154.923 -405.117
-90.6435 168.814 -404.594
-96.4554 175.512 -405.967
-95.065 174.365 -406.868
-7.96484 176.555 -403.322
-104.207 193.502 -405.671
16.1954 190.905 -404.125
-103.763 194.095 -406.298
19.9238 195.435 -404.84
-68.9631 155.907 -399.266
-64.4766 155.03 -402.242
-38.0781 161.367 -403.938
-78.1567 159.677 -401.896
-92.207 169.817 -403.882
-93.9922 171.645 -404.057
-95.1403 173.763 -405.693
-96.0078 173.789 -404.15
-12.0078 174.927 -401.617
-97.0533 175.341 -404.607
-101.461 183.087 -405.099
5.10156 182.338 -403.594
-105.062 193.239 -404.287
-104.608 193.895 -405.031
20.3281 195.992 -405.172
20.5739 196.094 -405.937
-81.0703 161.635 -403.258
-83.7813 162.362 -400.816
-86.7063 165.201 -403.53
-34.2772 164.242 -402.758
-88.9639 166.702 -402.961
-98.8867 176.225 -402.648
-101.405 180.758 -403.566
6.75 183.938 -400.734
12.6564 187.988 -402.78
-74.3571 157.901 -400.097
-32.5686 165.376 -402.562
-29.3356 167.219 -402.131
-19.0039 172.553 -400.166
-97.7145 172.842 -400.583
-3.18359 178.479 -399.852
-104.945 184.584 -401.734
-105.569 189.368 -402.628
14.8426 190.178 -401.93
16.1954 192.243 -400.035
-62.9897 154.914 -398.009
-85.0431 163.171 -400.961
-86.4837 164.124 -400.725
-32.7652 165.552 -400.638
-87.6029 164.898 -400.942
-89.2637 166 -400.86
-26.0459 169.449 -401.289
-95.2042 170.621 -400.992
-101.521 176.914 -400.238
3.59088 181.931 -400.691
-104.198 182.911 -401.681
8.72656 185.356 -400.908
-105.805 194.152 -403.266
-106.676 193.087 -402.191
17.9103 194.249 -400.418
19.7329 195.988 -402.55
-55.2461 154.924 -398.906
-51.5195 155.533 -398.727
-72.9415 157.291 -399.741
-36.3897 163.174 -399.221
-30.9795 166.824 -398.495
-91.727 167.643 -400.442
-93.928 169.382 -400.524
-96.0548 171.037 -400.48
-15.4727 173.629 -397.248
-98.5879 173.701 -400.292
-6.52734 177.495 -394.5
-5.07812 177.549 -401.062
-104.765 180.926 -399.559
-106.637 184.053 -399.413
-107.715 188.636 -399.94
-107.692 192.974 -401.054
-107.199 193.582 -401.69
18.9866 195.514 -400.881
19.3559 195.947 -401.085
-65.8275 155.085 -398.776
-58.0002 154.904 -397.031
-53.082 155.113 -398.781
-71.5944 156.778 -399.122
-76.2021 158.621 -399.848
-75.2167 158.197 -399.69
-77.3085 159.055 -400.096
-78.6318 159.635 -400.32
-78.0444 159.255 -399.646
-80.344 160.681 -400.877
-80.1273 160.285 -399.908
-80.5751 160.64 -400.273
-79.3657 159.863 -399.822
-82.3862 161.616 -400.255
-81.2437 160.943 -400.023
-83.1113 161.965 -400.214
-84.5188 162.715 -400.277
-85.8613 163.586 -400.365
-33.2753 165.393 -399.248
-87.6119 164.657 -400.22
-87.1363 164.511 -400.617
-90.6911 166.842 -400.379
-93.1915 168.942 -400.784
-26.4375 169.393 -398.734
-23.0703 170.87 -397.057
-103.561 179.709 -400.03
2.90019 181.925 -398.252
-105.602 181.735 -399.198
-105.83 182.541 -399.52
-107.518 185.913 -399.159
8.3125 185.537 -396.155
12.1055 188.827 -397.656
-108.546 193 -400.116
-108.17 193.608 -400.653
18.6997 195.692 -398.806
-66.9082 155.275 -398.56
-67.8337 155.52 -398.631
-70.1367 156.222 -398.704
-72.396 157.038 -399.147
-73.7454 157.566 -399.435
-33.2266 165.623 -396.875
-103.026 178.459 -399.627
-104.057 179.836 -399.489
-104.351 180.227 -399.442
0.216469 180.541 -398.624
-106.378 182.859 -399.093
-109.471 192.952 -399.041
-109.104 193.533 -399.617
18.2628 195.213 -398.273
-64.9534 154.979 -397.934
-70.9414 156.496 -398.676
-48.0312 157.094 -395.961
-43.2969 159.289 -395.604
-2.14453 179.271 -396.703
0.476563 180.895 -396.367
-107.258 184.498 -398.849
-108.433 187.84 -398.797
-108.018 186.237 -398.608
-108.879 187.813 -398.275
-108.945 188.555 -398.494
-109.461 188.931 -398.045
-109.696 189.962 -398.068
-110.433 192.893 -397.935
-109.972 193.21 -398.553
-61.9985 154.909 -397.026
-52.2334 155.297 -395.414
-55.0008 154.918 -396.059
-28.9746 168.955 -390.641
-19.2539 172.642 -394.381
0.710938 181.483 -391.83
-110.184 190.6 -397.675
16.0048 193.172 -395.739
-110.141 193.854 -398.534
-56.9966 154.905 -396.029
-50.7264 155.911 -395.021
-41.7056 161.213 -391.254
-37.5845 163.165 -394.518
12.7188 190.151 -393.738
17.4718 195.066 -395.607
18.0213 195.754 -395.887
-54.0617 154.998 -395.132
-51.4679 155.61 -394.709
-48.6803 156.91 -394.021
-47.3488 157.606 -393.69
-45.3672 158.596 -392.672
-33.6875 165.766 -393.336
-11.9414 175.617 -392.852
15.5234 193.488 -392.867
17.2562 195.407 -394.27
16.7768 194.904 -393.749
-49.3596 156.573 -393.683
-44.0044 159.272 -392.371
-25.2324 170.416 -389.176
-20.7285 172.58 -389.291
9.4937 187.616 -392.401
-48.0256 157.236 -393.349
-40.1431 162.297 -390.284
15.8173 194.865 -391.583
16.2919 195.303 -392.091
-46.0841 158.254 -392.311
-44.7382 158.933 -391.992
-37.0946 164.316 -389.255
-37.6718 163.6 -391.414
-16.2656 174.461 -385.273
-10.5742 176.612 -388.516
-3.99047 179.266 -390.472
10.4229 188.749 -391.124
-42.2816 160.634 -390.744
-40.7645 161.873 -390.206
-12.957 175.352 -390.438
11.1481 190.216 -389.173
-38.8009 163.1 -390.17
-39.5435 162.685 -389.939
-38.7116 163.291 -389.197
-7.73438 177.857 -385.992
6.40651 185.922 -389.863
5.63281 185.803 -387.781
14.8355 194.883 -389.54
15.2608 195.247 -390.075
-39.9569 162.494 -389.442
-37.7357 163.904 -389.202
-38.2477 163.634 -388.75
-35.8193 165.291 -388.099
-30.9576 168.108 -386.07
9.92188 189.635 -386.93
12.728 193.036 -387.402
-36.9825 164.514 -388.44
-36.4658 164.901 -388.076
-34.6713 165.902 -387.938
-35.3697 165.595 -387.587
-4.36914 179.877 -386.336
1.38237 182.73 -386.887
-2.10547 181.837 -380.668
8.1049 188.135 -386.539
13.4576 194.02 -387.836
13.8811 194.897 -387.901
14.2406 195.226 -388.241
-33.4476 166.595 -386.704
-32.762 166.931 -387.03
-21.3693 172.651 -382.863
6.41338 187.103 -385.033
13.0972 193.704 -387.423
13.2275 194.232 -387.182
-31.8916 167.553 -385.938
-27.8601 169.839 -384.826
-28.938 169.449 -385.342
-26.9056 170.138 -384.377
-25.1835 170.834 -383.858
4.875 186.084 -383.377
7.78162 189.104 -383.363
10.9227 191.593 -385.945
10.4913 191.434 -385.264
12.2678 193.167 -386.376
-29.6385 169.06 -385.271
-22.7777 172.086 -383.126
2.53906 184.124 -383.539
9.76929 191.006 -384.503
-23.7634 171.615 -382.934
-22.1322 172.471 -382.484
-20.0109 173.084 -382.152
-20.7738 172.912 -382.02
-14.5581 175.827 -379.963
-18.5291 173.609 -381.685
-16.4191 174.675 -380.795
-12.6919 176.407 -381.435
-11.8604 176.977 -378.883
-9.16846 178.283 -378.281
-5.4574 179.91 -381.026
2.29297 185.418 -379.309
6.46118 188.388 -382.104
7.28735 189.193 -382.495
-19.3741 173.352 -381.325
-17.2749 174.276 -380.314
-0.577393 183.683 -377.841
5.8145 188.092 -381.47
-15.2615 175.501 -379.556
-6.61017 179.585 -379.104
-4.85501 180.469 -379.207
-13.0523 176.487 -379.396
-13.814 176.179 -379.385
-10.482 177.625 -377.887
-1.83667 182.673 -377.5
-6.1915 180.3 -376.205
-6.69576 179.918 -376.953
-4.1543 181.323 -376.234
-8.45946 178.896 -377.092
-9.01974 178.504 -377.438
-7.7885 179.283 -377.128
-7.38634 179.599 -376.624
-3.33087 181.755 -376.685
-1.4937 183.17 -377.084
-5.01285 180.942 -376.012
-5.6277 180.652 -375.869
-3.61629 181.776 -375.906
-4.69319 181.279 -375.272
