-35.7121 208.706 -859.496 
-33.6445 208.846 -858.313 
-31.951 208.719 -857.322 
-30.1525 208.628 -856.232 
-28.2489 208.688 -855.05 
-26.2456 208.801 -853.724 
-24.1425 208.998 -852.236 
-22.6926 209.155 -851.158 
-21.0699 209.234 -849.845 
-19.1514 209.398 -848.331 
-17.0989 209.523 -846.71 
-15.1161 209.733 -845.002 
-13.4558 209.974 -843.391 
-11.9686 210.147 -841.769 
-10.4283 210.329 -840.014 
-9.02235 210.697 -838.043 
-7.83427 210.788 -836.002 
-6.77747 210.908 -834.091 
-5.92045 211.07 -832.005 
-5.21813 211.281 -829.789 
-4.38834 211.371 -827.47 
-3.58356 211.452 -825.119 
-2.87038 211.574 -822.77 
-2.19334 211.743 -820.41 
-1.42793 212.032 -817.77 
-0.65044 212.314 -814.548 
-0.0869147 212.453 -812.017 
0.391792 212.46 -809.743 
0.789018 212.503 -807.454 
1.04923 212.518 -805.049 
1.39672 212.561 -802.45 
1.65638 212.594 -799.85 
1.96001 212.563 -797.071 
2.28359 212.483 -794.427 
2.48341 212.428 -791.635 
2.73212 212.308 -789.122 
2.88934 212.165 -786.692 
3.01579 211.917 -784.114 
3.22439 211.505 -781.255 
3.42596 211.365 -778.819 
3.54523 211.258 -776.729 
3.70134 211.01 -774.321 
3.83167 210.768 -771.849 
3.95118 210.618 -769.549 
4.0925 210.449 -767.557 
4.26524 210.305 -765.494 
4.36222 210.1 -763.173 
4.39497 209.994 -760.938 
4.45288 209.908 -758.803 
4.50974 209.744 -756.743 
4.54959 209.566 -754.785 
4.60171 209.532 -752.473 
4.62133 209.479 -750.159 
4.6382 209.486 -747.809 
4.65146 209.496 -745.433 
4.75384 209.484 -742.94 
4.85652 209.476 -740.424 
4.93389 209.369 -737.722 
4.94344 209.338 -735.231 
5.0274 209.374 -732.882 
5.02187 209.307 -730.386 
4.92897 209.327 -727.811 
4.91178 209.427 -725.401 
4.87819 209.478 -723.062 
4.85153 209.501 -720.451 
4.84469 209.565 -717.759 
4.78225 209.652 -715.126 
4.67222 209.889 -712.611 
4.63213 210.023 -710.34 
4.66691 210.183 -708.055 
4.69361 210.35 -706.041 
4.68996 210.599 -703.913 
4.63849 210.655 -701.647 
4.59507 210.732 -699.539 
4.53033 210.88 -697.493 
4.48733 211.072 -695.552 
4.41023 211.23 -693.217 
4.3455 211.371 -690.987 
4.29963 211.45 -688.743 
4.1733 211.506 -686.377 
4.02874 211.678 -683.836 
3.94283 211.866 -681.4 
3.73379 212.016 -678.671 
3.46288 212.229 -676.054 
3.1735 212.287 -673.823 
2.94484 212.204 -671.407 
2.80151 212.308 -668.968 
2.5639 212.4 -666.507 
2.29191 212.554 -663.979 
1.88336 212.606 -661.244 
1.58269 212.704 -658.604 
1.31144 212.842 -656.043 
1.017 212.857 -653.687 
0.721156 212.928 -651.445 
0.416685 213.016 -649.447 
0.0495344 213.065 -647.451 
-0.333291 213.087 -645.221 
-0.710949 213.123 -643.094 
-0.982255 213.183 -641.023 
-1.30215 213.292 -638.961 
-1.56249 213.405 -636.727 
-1.91789 213.429 -634.247 
-2.28665 213.467 -631.879 
-2.53899 213.569 -629.514 
-2.78946 213.553 -627.318 
-3.01745 213.538 -625.05 
-3.29921 213.497 -622.832 
-3.67778 213.494 -620.575 
-3.9257 213.568 -618.125 
-4.01397 213.571 -615.826 
-4.13687 213.525 -613.565 
-4.30497 213.507 -611.388 
-4.45413 213.403 -609.051 
-4.61526 213.269 -606.631 
-4.6137 213.188 -604.553 
-4.2974 212.969 -602.818 
-3.95235 212.964 -600.653 
-3.72095 212.942 -598.283 
-3.55193 213.037 -595.195 
-3.92476 212.638 -591.527 
-4.11022 212.124 -586.584 
-4.81656 211.777 -582.304 
-4.99209 211.579 -579.997 
-4.99502 211.447 -577.485 
-4.95909 211.268 -575.159 
-4.98713 210.951 -572.572 
-4.97544 210.873 -570.513 
-4.93125 210.765 -568.663 
-4.89859 210.602 -566.749 
-4.88576 210.285 -564.9 
-4.92824 210.077 -563.14 
-4.97444 209.94 -561.482 
-4.96429 209.834 -559.832 
-4.96928 209.665 -557.977 
-4.97968 209.445 -555.788 
-4.99379 209.182 -553.504 
-5.00997 208.919 -551.563 
-5.03926 208.706 -550.006 
-5.06805 208.51 -548.146 
-5.12624 208.216 -545.954 
-5.13893 207.956 -543.419 
-5.24205 207.793 -541.235 
-5.36277 207.668 -538.964 
-5.48013 207.563 -536.539 
-5.60733 207.361 -534.234 
-5.79774 207.203 -532.309 
-5.94939 207.011 -530.448 
-6.03984 206.801 -528.378 
-6.1555 206.601 -526.438 
-6.3061 206.438 -524.413 
-6.54266 206.244 -522.321 
-6.92738 205.995 -520.013 
-7.11613 205.868 -517.624 
-7.33103 205.698 -515.555 
-7.74448 205.506 -513.192 
-8.14985 205.22 -510.771 
-8.53197 205.021 -508.485 
-8.9633 204.864 -506.539 
-9.36447 204.625 -504.676 
-9.68775 204.336 -502.53 
-10.0405 204.085 -500.363 
-10.3981 203.988 -498.537 
-10.8891 203.956 -496.566 
-11.4093 203.836 -494.555 
-12.0902 203.578 -492.326 
-12.5323 203.305 -490.033 
-12.9929 203.297 -488.061 
-13.4654 203.221 -486.21 
-13.9199 203.093 -484.392 
-14.5337 202.843 -482.226 
-15.2586 202.517 -479.986 
-15.939 202.391 -477.696 
-16.4189 202.204 -475.57 
-16.8117 202.028 -473.526 
-17.3094 201.89 -471.506 
-17.9131 201.665 -469.536 
-18.5929 201.385 -467.676 
-19.2733 201.149 -465.594 
-19.9506 200.922 -463.409 
-20.5445 200.777 -461.716 
-21.0773 200.547 -459.962 
-21.7928 200.32 -457.866 
-22.879 200.134 -455.284 
-23.6585 199.973 -453.108 
-24.3746 199.648 -451.012 
-25.01 199.391 -449.321 
-25.7781 199.296 -447.407 
-26.7109 199.171 -445.436 
-27.4763 199.066 -443.414 
-28.469 199.013 -441.086 
-29.7126 198.744 -438.783 
-30.8092 198.247 -436.627 
-31.8282 197.989 -434.571 
-33.1993 197.852 -432.505 
-34.5755 197.541 -430.344 
-35.8135 197.194 -428.31 
-37.0395 196.983 -426.615 
-38.2365 196.828 -425.006 
-39.2557 196.6 -423.628 
-40.6744 196.379 -421.889 
-42.01 196.154 -420.15 
-43.5123 196.004 -418.137 
-44.9018 195.795 -416.609 
-46.11 195.588 -415.04 
-47.3657 195.384 -413.506 
-48.6531 195.245 -411.994 
-49.8101 195.08 -410.388 
-51.0617 194.95 -408.811 
-52.2264 194.847 -407.314 
-53.2685 194.715 -405.946 
-54.3956 194.457 -404.522 
-55.7325 194.041 -402.908 
-57.1671 193.784 -400.893 
-58.301 193.57 -399.305 
-59.6212 193.326 -397.416 
-61.1329 193.233 -395.318 
-62.6973 192.939 -393.2 
-63.6951 192.79 -391.689 
-64.655 192.531 -390.19 
-65.7983 192.277 -388.46 
-67.0224 192.016 -386.659 
-68.0782 191.831 -385.004 
-69.1841 191.661 -383.307 
-70.1916 191.365 -381.766 
-71.0786 191.143 -380.155 
-72.0247 190.981 -378.356 
-72.6161 190.936 -377.061 
