138.669 -90.7855 1001 
136.359 -89.6105 1000 
136.359 -89.6105 1000 
135.139 -88.4347 999 
135.139 -88.4347 999 
133.919 -88.3488 998 
132.703 -87.1761 997 
131.621 -86.0918 997 
131.621 -86.0918 997 
129.32 -87.0964 996 
129.32 -87.0964 996 
129.32 -87.0964 996 
127.984 -84.7565 994 
126.775 -84.6736 993 
126.775 -84.6736 993 
123.533 -84.6809 993 
123.533 -84.6809 993 
122.331 -83.5161 992 
122.331 -83.5161 992 
120.172 -83.5208 992 
120.172 -83.5208 992 
120.053 -82.3557 991 
118.972 -83.4388 991 
118.974 -82.3579 991 
118.974 -82.3579 991 
115.622 -81.2015 990 
115.622 -81.2015 990 
115.508 -80.0405 989 
115.508 -80.0405 989 
113.349 -82.2026 989 
113.349 -82.2026 989 
112.16 -81.0438 988 
112.16 -81.0438 988 
109.783 -81.9596 986 
109.785 -80.8839 986 
109.785 -80.8839 986 
108.603 -79.7292 985 
106.24 -79.5713 983 
106.24 -79.5713 983 
106.35 -78.5785 984 
106.35 -78.5785 984 
105.171 -78.5006 983 
105.171 -78.5006 983 
101.751 -77.2759 981 
100.581 -76.1293 980 
100.581 -76.1293 980 
100.581 -76.1293 980 
98.3451 -74.9865 979 
98.3451 -74.9865 979 
97.2793 -73.9195 979 
97.2793 -73.9195 979 
96.2134 -72.8524 979 
95.0502 -71.7118 978 
95.0502 -71.7118 978 
95.0518 -70.644 978 
94.9562 -69.505 977 
94.9562 -69.505 977 
92.7313 -68.3711 976 
92.7313 -68.3711 976 
91.6652 -69.4384 976 
91.5742 -67.2377 975 
89.3551 -67.1716 974 
90.4192 -66.1064 974 
88.2017 -67.1041 973 
88.2031 -66.0413 973 
88.2031 -66.0413 973 
86.9635 -64.8463 971 
86.9635 -64.8463 971 
85.9053 -63.787 971 
85.9053 -63.787 971 
85.9053 -63.787 971 
83.6157 -61.5409 969 
82.5581 -61.5421 969 
82.5581 -61.5421 969 
81.5027 -59.4258 969 
81.5027 -59.4258 969 
79.305 -59.3667 968 
79.305 -59.3667 968 
78.2503 -57.2522 968 
78.2503 -57.2522 968 
77.1135 -57.1942 967 
76.0596 -55.0815 967 
76.0596 -55.0815 967 
76.0596 -55.0815 967 
75.9829 -52.9128 966 
73.7218 -50.6976 964 
73.7218 -50.6976 964 
72.7434 -51.806 965 
72.7434 -51.806 965 
71.5424 -49.594 963 
71.5424 -49.594 963 
70.4913 -48.5419 963 
70.4913 -48.5419 963 
68.3178 -46.3895 962 
68.3178 -46.3895 962 
68.3178 -46.3895 962 
67.2674 -45.3383 962 
67.2674 -45.3383 962 
66.1481 -44.241 961 
65.0309 -43.1458 960 
65.0309 -43.1458 960 
63.9818 -43.1465 960 
62.9334 -42.0972 960 
62.9334 -42.0972 960 
60.7727 -39.9568 959 
60.7727 -39.9568 959 
60.7099 -38.8674 958 
60.7099 -38.8674 958 
58.6155 -38.8684 958 
57.5087 -37.7815 957 
57.5087 -37.7815 957 
57.5087 -37.7815 957 
55.4168 -36.7357 957 
53.3241 -36.7366 957 
54.2577 -34.5699 955 
53.2688 -35.6524 956 
53.2688 -35.6524 956 
52.1694 -34.5707 955 
52.1694 -34.5707 955 
50.0291 -32.4478 954 
50.0291 -32.4478 954 
48.9349 -31.3715 953 
46.8995 -31.4051 954 
45.8087 -29.2869 953 
45.8087 -29.2869 953 
44.7197 -28.2147 952 
44.7197 -28.2147 952 
42.637 -28.2153 952 
43.6787 -27.1732 952 
41.5957 -28.2156 952 
41.509 -25.0374 950 
40.47 -23.9979 950 
40.47 -23.9979 950 
38.3914 -23.9984 950 
38.3914 -23.9984 950 
37.3523 -22.9588 950 
37.3523 -22.9588 950 
36.275 -20.8575 949 
36.275 -20.8575 949 
35.237 -18.7802 949 
34.1986 -18.7804 949 
34.1986 -18.7804 949 
33.1254 -17.7231 948 
33.1254 -17.7231 948 
32.0882 -16.6855 948 
30.0135 -15.648 948 
30.0135 -15.648 948 
28.9456 -14.595 947 
28.9151 -13.544 946 
28.9151 -13.544 946 
26.8163 -12.4954 945 
26.8163 -12.4954 945 
25.7821 -11.4609 945 
25.7821 -11.4609 945 
25.7549 -10.4154 944 
23.6886 -9.3821 944 
22.6555 -8.34872 944 
22.6555 -8.34872 944 
22.6315 -6.27519 943 
22.6315 -6.27519 943 
21.5765 -5.2373 942 
21.5765 -5.2373 942 
21.5536 -3.1714 941 
19.4937 -4.20158 941 
20.5018 -2.13897 940 
18.4441 -2.13894 940 
18.4441 -2.13894 940 
18.4245 -1.10869 939 
18.4245 -1.10869 939 
17.3596 0.94529 937 
17.3596 0.94529 937 
15.292 1.96902 936 
14.2674 4.01845 936 
14.2674 4.01845 936 
13.2428 4.01849 936 
13.2428 4.01849 936 
12.2052 5.03783 935 
12.2052 5.03783 935 
11.1816 7.08504 935 
9.13466 6.06151 935 
10.1473 8.09998 934 
10.1473 8.09998 934 
8.09375 9.11276 933 
8.09375 9.11276 933 
6.04462 10.1234 932 
6.04462 10.1234 932 
6.03811 11.1317 931 
6.03811 11.1317 931 
3.99987 11.1317 931 
2.97753 13.1559 930 
2.97753 13.1559 930 
1.9574 15.1757 929 
1.9574 15.1757 929 
-0.076355 17.191 928 
-0.076355 17.191 928 
-1.09098 18.1871 927 
-1.09098 18.1871 927 
-2.10567 18.1871 927 
-3.12038 18.1871 927 
-3.1136 20.1728 925 
-3.1136 20.1728 925 
-4.1216 21.1623 924 
-4.1216 21.1623 924 
-5.13296 22.1736 924 
-5.13296 22.1736 924 
-7.15571 22.1735 924 
-7.15571 22.1735 924 
-9.16843 23.1596 923 
-9.16843 23.1596 923 
-9.15841 24.1436 922 
-9.15841 24.1436 922 
-10.1563 26.1332 921 
-12.1725 25.125 921 
-12.1725 25.125 921 
-14.1573 28.0874 919 
-14.1573 28.0874 919 
-14.1573 28.0874 919 
-16.1509 30.0656 918 
-16.1509 30.0656 918 
-17.1553 31.0699 918 
-17.1553 31.0699 918 
