215.958 -208.688 986 
217.027 -207.618 986 
215.958 -208.688 986 
215.966 -207.626 986 
215.966 -207.626 986 
214.679 -208.485 985 
214.679 -208.485 985 
215.966 -207.626 986 
213.619 -208.493 985 
213.628 -207.432 985 
213.628 -207.432 985 
213.628 -207.432 985 
213.628 -207.432 985 
213.628 -207.432 985 
213.628 -207.432 985 
213.628 -207.432 985 
213.628 -207.432 985 
214.696 -206.363 985 
214.704 -205.302 985 
213.636 -206.371 985 
213.644 -205.31 985 
213.869 -204.457 986 
213.877 -203.394 986 
212.824 -202.34 986 
212.824 -202.34 986 
211.771 -201.286 986 
210.947 -198.306 987 
210.947 -198.306 987 
209.671 -198.113 986 
209.9 -196.186 987 
209.9 -196.186 987 
209.9 -196.186 987 
206.509 -194.947 986 
206.734 -193.015 987 
206.734 -193.015 987 
205.685 -190.893 987 
205.685 -190.893 987 
205.693 -189.828 987 
205.693 -189.828 987 
205.909 -188.954 988 
205.909 -188.954 988 
204.859 -186.829 988 
202.729 -186.844 988 
202.729 -186.844 988 
201.467 -185.596 987 
201.467 -185.596 987 
202.751 -183.643 988 
199.548 -184.732 988 
199.562 -182.598 988 
199.562 -182.598 988 
199.562 -182.598 988 
197.445 -180.478 988 
197.445 -180.478 988 
198.719 -179.585 989 
196.592 -178.53 989 
195.532 -177.468 989 
195.532 -177.468 989 
195.743 -175.508 990 
194.675 -175.514 990 
194.675 -175.514 990 
193.613 -174.451 990 
193.829 -171.413 991 
193.829 -171.413 991 
192.778 -168.204 991 
192.778 -168.204 991 
194.05 -167.294 992 
191.715 -167.138 991 
191.715 -167.138 991 
192.992 -165.154 992 
190.856 -164.093 992 
190.856 -164.093 992 
189.989 -162.115 993 
189.989 -162.115 993 
188.922 -161.046 993 
189.125 -159.056 994 
189.125 -159.056 994 
187.177 -157.073 995 
187.177 -157.073 995 
188.252 -157.067 995 
187.383 -153.995 996 
186.306 -154 996 
186.306 -154 996 
186.312 -152.921 996 
184.356 -150.926 997 
184.356 -150.926 997 
184.552 -148.914 998 
184.552 -148.914 998 
181.32 -147.848 998 
181.32 -147.848 998 
181.331 -145.684 998 
181.331 -145.684 998 
179.177 -144.613 998 
179.177 -144.613 998 
180.443 -143.669 999 
178.287 -142.596 999 
178.287 -142.596 999 
177.388 -141.659 1000 
177.388 -141.659 1000 
176.493 -139.634 1001 
176.493 -139.634 1001 
176.493 -139.634 1001 
174.331 -138.558 1001 
174.331 -138.558 1001 
173.248 -138.563 1001 
173.248 -138.563 1001 
172.169 -137.482 1001 
172.169 -137.482 1001 
172.351 -135.444 1002 
172.351 -135.444 1002 
170.011 -135.318 1001 
170.011 -135.318 1001 
170.185 -134.366 1002 
170.185 -134.366 1002 
170.185 -134.366 1002 
169.11 -132.195 1002 
168.019 -133.287 1002 
168.201 -130.153 1003 
166.943 -131.116 1002 
166.943 -131.116 1002 
166.028 -130.162 1003 
166.028 -130.162 1003 
166.032 -129.072 1003 
163.858 -129.082 1003 
163.858 -129.082 1003 
162.938 -128.124 1004 
162.938 -128.124 1004 
162.942 -127.033 1004 
